9
1 2
1 1
2 1
2 2
3 -3
4 2
0 0
1 0
0 1
1 1
-1 1
998 0
-333 333
4 8
0 0
1 0
0 1
1 1
-1 1
1 2
0 0
2 4
5 11
1 0
-1 -2
-1 2
-5 -11
4 80
-10 -3
67 -41
0 -34
24 -69
58 -78
-536 -38
-855 705
-173 281
-509 961
942 -5
436 -173
-396 -609
-847 902
-618 -708
-284 421
895 718
726 447
538 -229
912 869
-701 667
894 35
811 -297
-667 322
-336 673
711 141
-132 -747
644 547
-243 -338
-141 -963
741 -277
-222 529
35 -684
842 -810
-894 -712
-58 40
-352 264
805 446
-271 890
350 -630
101 6
548 -607
-377 629
954 -916
840 -244
376 -34
-692 931
-561 -56
323 -374
538 537
-918 -882
-459 -71
115 -167
658 -361
930 -296
-694 977
-614 673
-255 21
72 -76
829 -730
573 -223
-488 97
290 986
-364 161
-233 -645
574 655
-948 -969
150 350
724 -59
430 966
-809 107
337 -993
-713 457
-617 753
-91 -55
758 -791
-412 -779
-54 -578
30 506
168 -587
-409 -100
655 -238
-641 410
-463 624
-517 548
-959 595
5 85
0 3
17 -9
-50 -16
-26 19
8 28
14 12
-855 705
-173 281
-509 961
942 -5
436 -173
-396 -609
-847 902
-618 -708
-284 421
895 718
726 447
538 -229
912 869
-701 667
894 35
811 -297
-667 322
-336 673
711 141
-132 -747
644 547
-243 -338
-141 -963
741 -277
-222 529
35 -684
842 -810
-894 -712
-58 40
-352 264
805 446
-271 890
350 -630
101 6
548 -607
-377 629
954 -916
840 -244
376 -34
-692 931
-561 -56
323 -374
538 537
-918 -882
-459 -71
115 -167
658 -361
930 -296
-694 977
-614 673
-255 21
72 -76
829 -730
573 -223
-488 97
290 986
-364 161
-233 -645
574 655
-948 -969
150 350
724 -59
430 966
-809 107
337 -993
-713 457
-617 753
-91 -55
758 -791
-412 -779
-54 -578
30 506
168 -587
-409 -100
655 -238
-641 410
-463 624
-517 548
-959 595
-650 602
-164 -709
20 374
-979 -404
199 348
-516 668
6 98
0 3
17 -9
-50 -16
-26 19
8 28
14 12
-5 -45
-173 281
-509 961
942 -5
436 -173
-396 -609
-847 902
-618 -708
-284 421
895 718
726 447
538 -229
912 869
-701 667
894 35
811 -297
-667 322
-336 673
711 141
-132 -747
644 547
-243 -338
-141 -963
741 -277
-222 529
35 -684
842 -810
-894 -712
-58 40
-352 264
805 446
-271 890
350 -630
101 6
548 -607
-377 629
954 -916
840 -244
376 -34
-692 931
-561 -56
323 -374
538 537
-918 -882
-459 -71
115 -167
658 -361
930 -296
-694 977
-614 673
-255 21
72 -76
829 -730
573 -223
-488 97
290 986
-364 161
-233 -645
574 655
-948 -969
150 350
724 -59
430 966
-809 107
337 -993
-713 457
-617 753
-91 -55
758 -791
-412 -779
-54 -578
30 506
168 -587
-409 -100
655 -238
-641 410
-463 624
-517 548
-959 595
-650 602
-164 -709
20 374
-979 -404
199 348
-516 668
-266 -719
999 -947
938 -582
788 -100
-533 -873
-107 728
-517 -352
-579 807
-383 -690
514 -187
616 -691
451 -65
249 -400
556 -481
7 19
0 3
17 -9
-50 -16
-26 19
8 28
14 12
-5 -45
-23 31
-509 961
942 -5
436 -173
-396 -609
-847 902
-618 -708
-284 421
895 718
726 447
538 -229
912 869
-701 667
894 35
811 -297
-667 322
-336 673
711 141
-132 -747
644 547
8 80
2 -3
0 -1
3 -33
21 -35
19 -53
94 70
44 27
69 10
4 56
157 -168
132 92
229 163
-37 -141
169 226
155 211
52 -25
49 80
110 24
-47 -194
85 -190
-5 -13
-78 32
-118 184
-39 -161
-169 97
72 19
-249 61
-116 143
-57 -20
40 -62
-111 51
152 -165
-84 -103
-130 -46
-223 -44
241 -3
-46 -250
-214 -216
237 -123
-48 -73
-152 -152
-126 -145
194 129
117 202
15 -20
-185 -233
-9 -21
-124 48
100 -193
193 74
-229 187
5 26
135 60
-142 -124
-83 -133
-184 33
-235 57
-144 224
64 154
116 107
35 25
-84 -167
162 184
226 57
241 245
4 118
109 -103
69 -108
-163 -4
-59 29
-56 137
-187 75
-82 -178
77 209
104 74
80 77
248 110
31 -40
241 -62
221 -243
-132 -24
-3 23
103 63
144 41
-249 -34
107 167
-22 243
219 -74
32 72
8 98
2 -3
67 -41
0 -34
24 -69
58 -78
64 62
45 5
27 81
91 61
192 245
186 77
-146 141
-97 152
132 42
-34 171
145 -32
-24 197
-212 21
162 119
49 -83
144 -215
61 -47
83 72
-86 -77
-39 -109
118 3
-106 -203
7 -88
109 -213
-9 -27
28 -221
-215 66
92 -60
-144 38
192 -210
-102 14
55 196
-21 140
100 120
-149 -244
-202 143
-127 -121
204 -166
90 6
126 216
58 181
189 194
73 -124
-212 -213
-168 -132
-209 179
-135 83
-92 -111
180 -46
56 227
136 -77
-5 -229
-178 174
79 20
-177 27
-238 -153
40 236
-114 -89
17 105
-176 -95
-198 -219
-100 100
-26 191
180 216
-59 -143
87 -243
37 207
133 3
159 195
8 -41
-162 -29
196 172
-220 -244
-82 163
-159 150
-95 12
109 160
-213 -126
233 -202
-209 -155
100 -148
86 41
-230 124
-229 -154
-51 98
234 -82
-16 31
249 -197
188 168
38 150
217 -123
143 -22
233 -102
171 57
-133 60
-236 63
-134 59
201 185
-1 -150
-194 -231
53 48
-242 -26
