.57	.324599	.088905
.144	.307468	-.039804
-.1	.120226	.133761
.24	.34072	-.081329
-.522	-.140541	.049538
.452	.276416	-.024807
-.544	-.227336	.275324
.316	.340036	-.016477
.892	.489326	-.378576
-.692	-.225008	.212663
.862	.424215	.154198
.018	.257239	.169512
-.236	-.05852	.06626
-.572	-.161156	.179144
-.24	-.074552	-.001647
.6	.44712	-.137853
-.308	.043708	.214446
.17	.302575	-.111778
-.426	-.059023	.16682
.624	.292296	-.115025
-.418	-.135597	.049278
.096	-.058806	-.106931
-.422	-.327997	.172217
.54	.1735	-.187573
.344	.324382	.05642
-.512	-.192424	.077326
-.526	-.318079	-.071347
-.776	-.438112	-.054765
-.166	-.069569	-.02157
-.3	-.20237	-.030092
.65	.357151	.02278
.136	.172838	.048103
-.01	.205727	.071832
.866	.482925	-.214035
-.628	-.211268	.116388
-.77	-.367985	.024556
.06	.06657	.037817
.54	.261388	-.132451
-.254	-.162499	-.061743
-.638	-.455729	.206261
-.16	-.011428	.001054
-.75	-.275897	-.056288
-.154	.021823	.132022
.418	.033989	-.217254
-.144	.09349	-.214748
-.002	.144659	-.125815
.026	.201191	-.073798
.792	.421616	-.310161
-.48	-.279656	.169785
.048	.113032	.017728
-.348	-.084026	.226555
.794	.488787	-.267398
-.538	-.136201	.338579
-.652	-.353284	.091469
.542	.377143	-.125618
-.052	.212188	.20573
-.546	-.185859	.337192
-.336	-.118304	-.197631
.496	.434536	-.053001
-.464	-.188042	-.035544
-.194	-.055585	.154464
-.522	-.304145	.18422
.526	.306299	.023437
-.44	-.1033	.122459
-.228	.04604	-.256821
-.016	.050416	.02966
-.766	-.320409	.42315
-.118	-.151053	.025258
-.614	-.219359	-.010854
-.648	-.384688	-.10706
-.654	-.284047	.228795
.452	.254796	-.174295
-.41	-.006513	.053563
-.466	-.042203	.112437
-.2	.139238	-.143464
-.178	.091791	.203612
-.448	-.148208	.151607
-.138	.166671	.247332
-.288	.071364	.167966
-.286	-.196189	.06397
-.02	.034772	.015482
-.62	-.1845	.418204
.42	.229324	-.084166
-.106	.143917	-.103044
.216	.174164	-.049757
.65	.341857	.13176
-.392	-.01614	.259551
.794	.455101	-.17981
.116	.214936	-.029169
-.668	-.257116	.087281
-.64	-.259976	.213968
.55	.356503	.029583
.234	.306911	-.00112
-.522	-.176225	.034686
.418	.363743	-.089125
.402	.203049	-.072707
-.124	.14086	.051
-.064	.14926	-.018866
-.226	-.061307	-.010384
.006	.115135	.047915
-.05	.135447	.022158
-.494	-.059283	.375629
-.12	.0988	-.018313
-.034	.215861	-.082107
.216	.341416	.006785
.12	.293132	-.073169
.378	.283879	-.052659
-.27	.088455	.209289
.134	.296779	.065907
-.664	-.306614	.2155
.194	.331949	-.064438
.242	.342639	.001847
.43	.333207	-.057714
-.372	-.019448	.16266
-.508	-.15056	.046626
.664	.460232	-.029871
.062	.250147	-.014921
-.026	.236831	.193158
.448	.182018	-.215526
.574	.443655	.096508
.386	.382537	-.049587
.422	.334903	.071233
-.062	.193151	.206462
-.034	.189655	-.167946
-.064	-.062012	-.059738
-.088	.065744	.075647
-.068	.141044	-.057332
.144	.231536	-.02269
.532	.262388	.041691
.544	.435388	-.039317
-.462	-.151781	-.248583
-.47	-.189869	.155646
-.306	-.210413	-.034869
-.296	-.037504	.133252
.598	.449823	-.127187
-.304	.047048	-.165157
-.434	-.351859	.051348
.478	.344039	.111127
.33	.385375	-.158281
.014	-.024037	-.080866
-.022	.026137	-.093502
.318	.326887	-.014623
.514	.326431	-.005409
-.362	.009739	.184105
-.36	-.097124	-.162362
.444	.308056	.017077
.118	.020921	-.000386
-.354	-.141249	.082903
.42	.192508	.073257
-.318	-.069737	.199583
.472	.429096	.003185
-.082	.153769	.050858
.386	.398265	-.150392
.292	.36224	-.051463
.16	.31645	-.076185
.272	.320366	.06307
-.688	-.213064	.439692
-.334	-.249577	.091602
-.654	-.194621	-.251127
-.614	-.236053	-.043687
.344	.370078	-.023557
.756	.449226	-.135159
.088	.283286	.166972
.186	.284883	-.036114
.286	.329343	.018535
.448	.278192	.052345
-.506	-.096769	-.17241
.192	.258904	.042336
.224	.280398	-.059688
.366	.299983	.017043
.252	.327724	.017377
.242	.231715	-.088135
.522	.418399	-.111465
-.282	-.130691	.109858
.116	.291868	-.05928
.604	.436044	.040348
.866	.422599	-.234457
.046	.050531	-.003908
-.12	.09784	.012009
-.688	-.263056	.004047
.004	-.012744	-.019359
.18	.32423	-.020752
.746	.480791	.119433
-.478	-.104729	.093718
.682	.442343	-.208953
-.034	.191247	.128047
.442	.376655	-.016035
.142	.313799	-.045405
.062	.224059	.053446
-.504	-.066736	-.022862
-.182	.060881	-.004634
.5	.300924	-.03996
-.024	.145318	-.068763
.706	.449335	-.113298
-.098	.171815	.118628
-.166	-.159013	.044412
-.376	-.159728	.024698
-.272	.089808	-.279816
-.732	-.285236	-.063894
.132	.309202	.046468
.46	.42485	-.00443
.7	.474386	-.218952
.378	.402169	.014017
-.664	-.24984	.32812
.056	-.095384	.139544
.182	.217909	-.075789
.354	.203095	-.074538
-.528	-.084736	.053719
.194	-.019909	-.185615
-.166	.122469	.071997
.89	.451315	-.008486
.396	.210816	-.148624
-.234	.048271	-.117002
-.28	.020544	.023604
.408	.13616	-.064513
-.492	-.241844	-.176443
.562	.409167	.117465
.86	.4951	-.077179
.468	.318812	-.107471
.088	.270464	-.187344
-.618	-.195929	-.200172
.2	.1524	.037844
.098	.025207	-.131898
-.516	-.148854	.139422
-.66	-.19002	-.083689
-.628	-.302666	-.133524
-.222	-.120481	-.005209
.456	.3902	.073935
.76	.424256	-.128473
-.046	-.140089	.057526
.582	.406471	-.168122
.184	.02733	-.14538
.706	.408623	-.132078
-.528	-.25661	-.070893
.206	.092119	.056774
-.482	-.052273	-.202534
.43	.417815	-.104415
.378	.368247	-.107241
.522	.401119	.050083
-.164	.114044	-.050842
.902	.493339	.349714
-.452	-.045402	-.102614
-.046	.039163	.025061
-.612	-.219914	-.003076
.066	.215049	.025447
-.328	-.06178	-.146839
-.068	.103304	.0771
.084	.141048	-.011886
-.668	-.360356	.106173
-.056	-.115084	-.019041
.278	.138481	.036211
.308	.128964	.016927
.41	.289069	.073276
-.376	-.033002	-.197762
.398	.373893	.039207
-.294	-.168269	-.075217
-.31	-.065905	.124516
.188	.255308	-.016535
-.068	.167654	.019925
.364	.224156	-.095875
-.464	-.045952	-.290944
.358	.373775	-.089746
-.004	.043264	-.031896
-.164	.116176	-.203952
.818	.382199	-.155217
-.306	.060025	.361125
-.348	-.150878	-.034413
.038	.218005	-.108829
-.51	-.090235	-.124445
-.386	-.035289	-.130837
-.624	-.306632	.221289
-.438	-.103091	.158686
.138	.297823	-.06985
.726	.309403	-.058846
-.094	.052535	-.043712
-.802	-.361819	.200889
-.398	-.230445	.043468
-.678	-.303617	-.290877
-.656	-.225664	.126291
-.576	-.150638	.286278
-.134	.126991	-.065523
.33	.373537	-.070165
-.104	.18984	-.073864
.392	.330884	-.057872
-.352	.025066	-.160265
.68	.443126	-.254647
-.548	-.143588	.195683
.374	.199681	.051675
.232	.272552	-.09913
.07	.253883	-.027591
-.158	.059059	.054005
-.226	.099795	.163156
-.412	-.035746	.350543
-.06	.016664	-.100121
-.508	-.076424	-.324084
.69	.459907	-.01484
-.468	-.085418	.26974
.222	.080209	-.109899
-.368	-.053878	-.165105
.198	.314977	-.074735
.278	.247471	-.010575
-.892	-.400812	.378651
-.034	-.170695	.081446
-.158	.131999	-.03145
-.478	-.092321	.289519
-.09	.014765	.095941
-.056	.221216	.035728
.622	.280367	-.088184
.402	.287839	.007387
.116	.211004	-.091203
-.852	-.403616	-.309606
.734	.477971	-.07518
-.378	-.026021	.098356
.356	.298428	-.11056
.778	.363839	-.328198
.392	.328614	-.084565
-.042	.180525	.126326
.536	.418876	.097188
.114	.124327	.051747
.194	-.030513	.128502
.722	.400833	-.021418
.368	.357546	-.042417
.704	.3877	.001957
-.026	.090531	-.05776
-.132	-.01256	-.069772
.724	.328028	-.206937
.5	.365088	-.133901
-.542	-.101985	.033806
.11	.228107	.072954
-.406	-.015125	-.14319
-.38	-.213156	.16524
-.674	-.274905	.194813
.198	.301823	.08266
-.926	-.432661	-.428494
.306	.336329	-.011314
-.492	-.140496	.009745
.41	.038419	-.355531
.28	.10724	-.098424
.284	.161012	-.085452
-.448	-.114988	.148896
.68	.277884	-.400743
.22	.135926	.014742
.664	.45266	-.021858
-.462	-.084907	-.279118
-.432	-.249206	.122865
-.54	-.129884	.396835
-.658	-.238145	-.106934
-.238	-.216585	-.005778
-.242	.060149	-.153778
.424	.238046	-.068777
-.228	.044344	.092107
.048	.252752	.021592
.084	.081456	.021742
-.696	-.261656	.106873
-.954	-.457841	-.052351
-.65	-.216913	.017499
-.188	.120944	-.168599
.61	.390491	.065478
-.406	-.014393	.270429
.372	.304464	-.08307
.014	.121231	.084597
.062	.000773	-.046024
.404	.304388	-.010465
-.178	.145175	.199465
-.9	-.411698	-.345144
-.006	.242959	.202571
.268	.086534	-.011521
.172	.285468	-.132614
-.6	-.14546	.154188
-.022	.105637	-.06364
-.54	-.143552	.342798
.224	.343604	-.061704
.396	.378236	-.117568
-.242	-.088177	-.046756
.496	.23332	-.019757
-.216	.038004	-.166911
-.842	-.352561	-.21275
-.396	-.193652	.020572
.75	.335151	-.287795
-.23	.058275	-.014375
.026	.206159	.154715
.248	.299	.016031
.674	.451623	.076933
-.416	-.217246	.200369
.588	.32858	.048259
-.272	.084394	-.059168
.12	.087016	-.032449
.15	.316043	-.103927
-.296	-.223144	.126215
-.096	.197106	-.142603
.516	.411788	.111171
-.378	-.039041	-.009199
.702	.339815	.207701
.814	.472343	.121346
-.078	.147719	.027367
-.168	.147136	-.178299
.244	.28843	-.089939
.062	.211657	.114666
-.4	-.125408	-.101053
.26	.197626	-.06629
-.274	-.223999	.022486
.962	.476551	-.411526
.364	.38616	-.033904
.05	.206971	-.003287
.282	.307507	.016923
-.202	.132247	.246588
.118	.200687	-.065929
-.838	-.370061	-.067799
.15	.078851	.00332
-.428	-.031874	.289667
-.192	-.189208	.085459
-.338	-.069941	.089031
-.85	-.363195	-.045258
.304	.358088	-.020677
-.45	-.177897	.113749
.278	.222079	.045338
-.096	-.211652	.119136
.826	.468359	-.268741
.314	.289691	-.106165
.638	.382271	.054817
-.214	.044341	-.003434
.514	.367535	-.021972
.738	.443639	-.191353
.084	.27524	.162904
.24	.276416	.00096
-.206	.123521	.247345
-.512	-.083916	-.098939
.542	.317327	-.03433
.026	.161443	.016277
-.648	-.215776	-.162999
.232	.229876	-.080231
-.25	.000799	.20585
.194	.140141	-.040531
.24	.208866	-.079936
.406	.324239	-.063082
-.732	-.411546	-.083465
.31	.380843	.061806
.424	.309452	-.102434
-.164	.113404	.00519
-.422	-.007725	-.175019
.154	.272433	-.134909
-.288	.053512	-.107773
.232	.172142	.01045
-.054	.150685	.107162
-.646	-.259025	.012272
-.6	-.204558	-.132827
.274	.336231	-.043976
.576	.298816	-.0726
.112	.246262	-.040076
-.196	-.163238	.004522
-.052	.01198	.100504
.15	.228765	.042741
.546	.269701	-.222893
.07	.234693	-.116612
.146	.315175	.068382
-.046	.195055	.163711
.228	.26461	.006109
.796	.414446	.265087
-.716	-.274372	.234439
.368	.253426	-.031962
.896	.480804	-.365039
.038	.156839	-.089674
-.19	.129977	.171943
-.282	.053503	.10692
.152	.309424	-.065205
.466	.382577	-.020522
.186	.305111	.022476
.744	.468298	-.09278
.756	.476856	-.198619
.542	.274255	-.048635
-.436	-.249844	-.029381
-.498	-.128523	.354617
.026	.115259	-.055601
.3	-.0001	-.086325
-.664	-.254144	.118391
.644	.404636	-.206988
.312	.080364	-.121819
-.154	.036787	-.026158
.062	.116759	-.040897
-.518	-.097861	.261299
.328	.233628	.031536
.558	.400543	-.120687
.116	.28182	.0846
-.806	-.355265	-.209258
-.578	-.133017	-.172735
.22	.091024	.085057
-.528	-.185798	.279662
.074	.282463	-.033119
-.708	-.232176	-.154452
-.782	-.294253	-.158198
-.708	-.242114	.428149
-.432	-.138098	.125727
-.41	-.220685	.112027
.376	.199778	.045912
-.072	.087436	.01584
-.014	.142415	-.138281
-.27	.083051	.053762
.392	.39433	.069465
-.068	.186972	-.250991
.372	.184408	-.01355
-.55	-.143037	.046418
.44	.390516	.044735
-.482	-.262489	-.035737
-.292	-.181808	.056875
-.454	-.141083	.218817
.242	.338651	-.119667
-.698	-.227269	.091588
.606	.461019	.017711
-.564	-.296042	.110534
.426	.359763	-.006846
-.39	-.153881	-.070694
.748	.478704	-.273513
.004	-.017664	-.095983
.288	.271876	-.042744
.856	.427254	-.419096
-.444	-.02897	.204168
-.366	-.086141	.004713
-.162	.102019	-.102827
-.036	-.04782	.04204
.744	.437616	-.240406
.114	.138001	-.039294
.45	.402157	-.07019
-.06	.1507	-.010527
.86	.493156	.188128
-.214	.114823	.255577
-.236	.021756	.237319
-.81	-.319705	.226687
-.538	-.234449	.036772
.516	.269856	-.148191
.57	.420471	-.149513
-.678	-.215647	-.060872
-.91	-.448523	.005759
-.518	-.220537	-.126021
-.152	.074252	.184734
-.166	.095527	-.042883
.504	.336008	-.077735
-.39	-.000657	.357119
-.756	-.297044	.169208
-.476	-.29712	-.154257
-.434	-.258697	-.148442
-.548	-.195634	-.074581
.702	.392791	-.063646
.254	.337319	-.128658
.112	.22238	-.109971
.06	.035386	.04468
-.554	-.183523	.354348
-.634	-.193331	.218493
-.696	-.3033	.334853
-.07	.169731	.100227
-.706	-.312057	.298796
.394	.372079	-.055277
.768	.418448	.028813
-.556	-.1499	.173856
-.132	.096332	.180693
-.942	-.458421	.128075
.63	.455649	-.157097
-.154	-.169969	.025017
-.622	-.212733	.370835
-.314	-.047681	.207233
-.108	.090484	-.002598
-.682	-.227801	.029179
-.322	-.024497	-.011845
.814	.411579	-.145286
-.108	.163324	-.060412
-.078	.085771	.042328
-.846	-.372391	-.395582
.256	.241328	-.136066
-.536	-.137354	-.108197
-.456	-.03329	.136541
.276	.321454	-.080529
-.184	-.019796	-.033817
-.044	.205836	.181725
-.388	-.107124	-.155675
.342	.136399	.047736
-.798	-.321683	.038026
.394	.165403	-.235384
-.714	-.277865	-.281965
.586	.136817	.237075
-.432	-.172784	-.142715
-.072	.131704	.135696
-.002	.238829	.075157
-.54	-.12146	.238886
-.348	.027742	-.281249
-.19	.105415	-.156599
.546	.242419	.015514
-.802	-.375465	.137542
-.066	.200101	.215517
.79	.468551	-.256442
-.61	-.160375	.204034
.422	.327467	-.030493
-.084	.181356	.161896
-.25	-.131805	-.081181
-.286	.066867	.278516
-.62	-.18807	-.064865
.36	.21616	-.131649
-.544	-.119916	-.173467
.582	.418687	-.172836
-.238	.102989	.154665
-.51	-.181409	.027974
-.762	-.367175	-.177923
.486	.404669	-.090052
.218	.006777	.021356
-.576	-.222988	.349889
-.15	-.135797	-.030219
.106	.193721	.050745
.064	.275144	.109958
-.214	.074807	-.066483
0	.16167	.035455
.57	.338495	-.243279
-.524	-.290224	-.074364
-.294	-.010415	.209438
-.736	-.257304	.001351
-.15	-.153937	-.01867
.254	.308311	.074646
-.034	-.008589	-.019808
-.09	.051213	-.088723
.576	.23678	-.089578
-.098	.060811	.112394
-.17	.093139	.178569
.02	.02164	.005655
.048	.186964	.087391
-.234	-.042929	-.088695
.298	.354751	.030801
-.218	.039007	-.09798
-.068	.063836	-.018726
-.254	.013299	.263246
.306	.152683	.039585
-.016	.158938	-.156446
.74	.385428	.095684
-.13	-.137213	-.06191
-.748	-.311924	.385665
-.08	.099984	-.072255
.642	.342715	-.057505
-.512	-.124784	-.209984
-.242	.095435	-.282188
-.524	-.092432	-.145463
.126	.289255	-.052071
.196	.095636	.129051
.374	.369661	.060754
.34	.22478	.079964
-.122	.069727	.122628
.244	.352764	-.070043
.132	.057754	.004533
-.572	-.310906	.197638
-.178	.098219	.193818
.534	.370667	-.105028
.696	.461762	-.1064
.532	.444092	-.178312
-.628	-.234308	-.051207
-.278	.069407	-.132291
-.384	-.017492	.341976
.482	.331013	.010496
-.488	-.070176	.063146
-.63	-.406745	.105363
.52	.441852	-.019114
-.272	.079544	-.194141
.216	.343408	-.088264
-.578	-.184309	-.293489
.368	.332164	-.088758
.372	.398854	.055345
-.428	-.059028	-.091541
-.252	.00942	.213379
.514	.200687	-.218485
.162	-.009971	.097659
-.794	-.308757	.191872
-.192	-.179912	.086679
-.45	-.216545	.141679
-.67	-.218033	-.392165
-.584	-.170584	-.071861
-.362	-.098641	.18803
-.494	-.203917	.130531
-.762	-.361393	-.268914
.576	.423868	-.141079
.072	-.099344	-.029728
-.594	-.175817	-.00484
.626	.461883	.114519
.284	.253052	-.002883
-.49	-.055025	-.123476
-.554	-.112089	-.320945
.44	.37486	-.063824
.48	.42162	.02097
-.546	-.177497	-.141423
.258	.297911	-.045069
.38	.377314	-.127815
-.164	.135356	.181706
-.256	-.085334	-.085608
.032	.076548	-.028811
-.124	.088398	.065516
.92	.492828	-.368829
-.336	-.044	.025556
-.042	.227479	.095454
-.062	.213011	.026442
.264	.24748	-.019722
-.068	-.09605	-.058779
.098	.260599	.139025
-.3	.057778	-.134256
.126	.179551	-.070417
.204	.16664	-.057689
.03	-.035385	-.081709
.02	.21859	.19127
.302	.302893	-.073876
-.232	.079834	.115585
-.044	.209582	.048096
.434	.382651	.01461
.584	.383576	.056304
.044	.249628	-.15318
.266	.252103	.009182
-.284	-.017956	.09942
.526	.314339	-.158478
.812	.46937	.111717
-.894	-.418633	-.353637
.308	.314644	.022066
.564	.329312	.175889
-.122	.185083	-.164903
.102	.276687	-.037189
.732	.482044	-.134967
.228	.258504	-.025195
-.356	-.033924	.013637
-.364	-.079454	.193073
-.078	.183019	.244329
.494	.415843	-.15275
-.124	.160788	-.017601
-.144	-.01998	.034466
.192	.074678	-.106418
-.226	.105671	.077703
.16	.266744	-.038252
.222	.171991	-.053044
.626	.431175	-.143375
.056	.12104	-.065275
.304	.293576	.023697
.056	-.002624	-.031637
.104	.143896	-.059857
.036	-.096334	-.02424
-.368	-.34968	.080207
-.154	.002641	.136593
-.482	-.136457	-.254362
.55	.438111	-.037854
.62	.386524	-.074957
.09	-.130267	-.168361
-.93	-.480117	.401687
.254	.305717	.007281
.944	.496318	-.311976
.39	.365485	-.142914
-.794	-.304609	-.043922
-.414	-.046665	.274023
-.014	.230567	-.199215
.158	.013159	.006185
.322	.312215	-.038843
-.164	-.06906	.067555
-.44	-.329344	.075897
-.926	-.438909	.366041
.276	.255766	-.067404
-.692	-.23206	-.194893
.174	.151681	-.03329
.076	.273566	.113877
-.206	-.168709	-.007123
.078	.201415	.111798
-.018	.072649	-.025407
-.288	-.242532	.071148
-.602	-.166601	.341203
-.054	.018575	.044923
-.496	-.09458	-.033715
.618	.397753	.190957
.738	.475455	.214861
.12	.151876	-.043104
.544	.310292	-.040987
-.452	-.253528	-.084819
.406	.377351	-.038214
.614	.306131	-.063318
.282	.230227	-.015078
.228	.313028	-.076992
.236	.351832	.083382
-.314	.023525	-.043762
-.276	-.032972	.232792
-.232	.101464	-.013862
.332	.338654	.026511
-.632	-.215056	.07828
-.34	-.20544	.082991
-.724	-.274916	.224158
.516	.441076	-.051957
.058	.187763	.045325
.104	.28952	-.034578
.06	-.101048	-.169497
-.326	-.190521	.02443
-.236	.04618	.078928
.094	-.017429	.050314
.57	.256963	-.059743
.322	.368947	-.073336
.032	.192624	.083919
-.154	.095647	-.167132
-.506	-.071559	.407813
-.088	.076612	-.132079
-.264	.004336	-.211564
-.724	-.29035	-.369559
.6	.42056	-.170834
-.486	-.208549	.253383
.132	.264448	-.146061
.228	.123472	-.048477
-.568	-.121746	.251747
.606	.279215	-.023475
-.502	-.323693	.031554
-.076	.116316	.007275
.472	.115508	-.257139
-.348	-.209096	-.031849
.844	.469436	-.188048
-.078	.056557	-.111021
.482	.414793	-.04757
.292	.289974	-.078837
-.332	.033932	.027164
.542	.286545	-.079177
.314	.347947	.000318
.05	.263071	.066994
.224	.209706	-.140941
-.44	-.165876	.250288
-.326	-.074707	.229685
.574	.366083	.058707
-.3	.059542	.039298
-.474	-.291461	.166745
-.38	.01831	.061909
-.356	-.071082	-.129862
.268	.285978	.010623
-.294	.025727	-.081372
-.092	.160574	.097566
-.288	.07252	-.015024
.47	.416651	-.029113
-.248	.103856	.030615
-.194	.021381	.201149
-.35	.006375	-.011447
.114	.291511	-.126911
.046	.249617	-.040054
-.49	-.216775	.187523
.174	.247297	-.034606
-.348	.041096	.071273
.188	.333768	-.112899
.568	.19216	-.346513
-.814	-.331091	-.456945
.162	.321659	.028143
.96	.489196	.108072
-.362	-.028737	-.085432
.172	.106614	-.05057
-.82	-.38498	-.205378
.544	.359188	.130164
.746	.354595	-.157495
.14	.23834	.080269
-.018	.213571	.210456
-.204	-.222906	.021003
-.28	.01799	.297817
.39	.263575	-.035623
-.29	-.029545	-.183539
-.212	.084092	.236044
.028	.064454	-.03002
.404	.356116	-.077339
.172	.086798	-.029852
.074	.071011	.071961
-.356	-.26108	.013449
.386	.343759	-.090586
.618	.365471	.099966
-.248	.035924	.052935
-.592	-.138054	-.133439
.406	.344471	-.00443
.846	.493399	-.076338
-.894	-.397233	.166758
.518	.398143	.059275
.124	.258436	.042612
-.646	-.224985	.088086
.598	.419983	.031262
-.022	.170707	-.106215
.462	.345207	-.128187
.006	.230347	.115759
-.148	.157504	-.200018
-.164	.009852	-.063331
.412	.345276	-.01253
-.5	-.074456	.273988
.396	.347424	-.00444
.196	.161494	-.053978
-.206	.104667	-.055197
.544	.437986	-.092209
-.2	.023684	-.184744
-.482	-.061069	.037202
.62	.444316	-.185933
.35	.327475	-.120222
-.148	-.170954	.099178
-.156	-.044028	-.002033
.456	.287722	.090719
.43	.396239	-.105529
.668	.445564	.03022
.102	.270109	.070765
-.236	.013118	-.114177
.132	.297256	-.118263
-.782	-.350751	.419511
-.21	.094285	-.062654
-.276	.091664	-.223852
-.816	-.344066	.180477
-.17	.103357	-.160515
-.536	-.116182	.166916
-.15	-.051681	.078224
.876	.495548	.023381
.664	.217424	-.250372
.482	.375631	-.103436
-.126	.162871	-.035865
-.552	-.137504	.393951
-.018	.221581	.161185
-.112	.090428	-.158863
-.056	.181566	.073377
-.004	-.142724	-.141482
.046	.098591	-.006973
.618	.374119	.035996
.258	.207659	.013525
-.208	-.013856	-.173794
-.072	.174386	.012719
.308	.312272	.027132
.412	.079544	-.321945
-.718	-.241877	.452256
.374	.075403	-.157265
-.544	-.10781	.047764
-.104	.091712	-.120914
-.342	-.248253	.100731
.25	.320591	-.070779
.538	.251075	-.299308
.028	-.066346	.087275
-.122	-.186533	-.051122
.418	.409775	-.13909
-.484	-.054344	-.360078
-.72	-.251084	-.259203
.406	.279095	.067409
-.37	-.046581	.27245
-.018	.075985	.079053
.338	.126735	-.141053
-.442	-.071681	.008281
.152	.307882	.098541
.298	.058229	.001662
.328	.374066	-.083907
.18	.25211	-.104132
-.268	-.096524	-.090676
.578	.443447	.089362
.356	.325054	-.066574
0	.172756	.01984
-.314	-.117985	-.082346
-.544	-.111898	.027901
-.214	-.038323	-.126597
-.802	-.337145	-.106929
.504	.346144	-.151384
.572	.441556	-.026276
-.158	.160493	.046086
-.888	-.447536	-.175552
.09	.191995	.022849
.3	.203532	.015307
.012	.169954	-.110791
-.096	.095264	-.021167
.71	.467579	-.20743
-.81	-.380255	-.327196
-.128	.080654	.12107
-.162	.120487	.109432
-.554	-.204549	.275299
.322	.319479	.054246
.742	.344605	.146343
.694	.450617	.117353
.06	.10515	-.035861
.032	.226544	-.030396
.766	.437901	-.24449
.566	.419911	-.150338
.032	.254344	.024166
-.112	-.152552	-.018937
.872	.492024	-.249204
.006	.181793	-.160852
.5	.35064	.080247
-.314	.067415	-.076069
-.156	-.06274	.069509
-.774	-.426521	-.229731
-.286	-.040349	.132274
-.214	.070141	.05175
-.204	.09	.097964
-.146	.098015	.179587
.498	.289643	-.040818
-.288	-.084194	.025116
-.638	-.351865	.038793
.658	.400379	-.23735
.132	.100348	-.027279
-.052	.20356	-.069644
.876	.475008	-.322094
-.184	-.064862	-.005621
-.294	-.117649	.000604
-.738	-.260621	.45261
-.828	-.418682	.243473
.692	.352574	-.073795
.036	.242896	.000857
-.196	.141296	.246983
.678	.468079	-.11901
.382	.282119	-.106978
.276	.25512	.020897
.25	.324977	-.016496
.518	.416255	-.020578
.332	.307664	-.048584
-.064	.15432	.146132
-.216	-.267104	-.056579
-.214	-.016907	-.154216
.148	.242982	.077809
-.146	.158405	.102396
-.242	-.010189	.180655
.236	.148876	-.046836
