-.146	-.087091	.079801
.366	.082599	-.176661
.178	-.052949	-.208339
-.24	-.29024	.019587
-.414	-.136973	-.196544
-.25	.044125	-.245846
-.192	-.020856	-.055727
-.328	-.20096	-.126629
.09	-.199705	-.234213
-.08	-.2378	.051588
-.31	-.314045	.00589
.636	.180576	.256593
-.266	-.009321	-.00541
-.304	-.257096	-.09537
-.472	-.246032	.10852
-.59	-.197215	.03835
-.466	-.414827	-.051004
-.94	-.48494	-.171371
-.528	-.314504	-.008566
-.952	-.493568	-.422192
-.178	-.085301	.005086
-.078	.069335	.102979
-.856	-.44312	-.269321
-.368	-.267424	-.047777
-.608	-.320072	.262179
-.816	-.396776	.338755
-.628	-.374264	.094552
-.188	.03592	-.181512
-.838	-.399641	-.067865
.518	.279493	.014847
-.836	-.403732	-.257932
-.874	-.487589	.165298
-.804	-.473344	-.308093
-.502	-.092387	-.07917
.462	.391089	-.032027
.214	.044479	.150109
.77	.292075	.288845
.256	.154376	-.099317
.612	.235072	-.016979
-.454	-.182501	.193447
.132	-.11512	-.166158
.116	-.186404	-.273855
-.484	-.148604	-.324907
-.442	-.058343	-.169065
-.542	-.277183	.150053
-.642	-.309007	-.094928
-.988	-.489656	.282583
-.328	-.381728	-.022325
-.398	-.198097	-.176903
-.232	-.005408	.163971
-.794	-.339423	-.163313
-.914	-.471663	-.341054
.848	.420304	.356625
-.604	-.201416	-.334431
-.902	-.473197	-.386926
-.584	-.2088	.113662
-.712	-.420224	-.092676
-.928	-.468464	.062032
.3	-.0541	.064417
.306	-.057919	.009868
-.886	-.467111	.306871
.502	.326851	.082584
-.878	-.385381	-.102579
-.67	-.337805	-.132133
.536	.278752	-.15173
-.322	-.355925	-.083127
-.516	-.22412	-.086751
-.008	-.076416	-.120753
-.33	-.001855	-.243305
-.054	-.055853	-.003457
.74	.32302	.202096
-.67	-.442415	-.16445
-.926	-.445647	-.453425
-.592	-.324152	-.113336
.242	.279355	.130882
.09	.024835	.073394
-.248	-.124	-.081032
-.664	-.377696	-.17296
.346	.187133	-.068971
-.996	-.498988	-.347612
-.256	-.022352	-.164921
-.03	.169785	-.04962
.592	.385152	-.006872
-.334	-.379787	-.045197
-.692	-.297336	-.3706
.052	-.004508	-.051908
-.72	-.24464	.202391
-.422	-.391625	.003033
-.534	-.381869	-.016094
-.26	-.18032	-.058515
-.904	-.454592	-.419588
-.864	-.412552	.209041
.564	.278872	.285928
-.768	-.308136	.199554
-.288	-.17248	-.109052
.512	.3694	.187829
-.138	.132277	.133241
-.49	-.159575	-.246065
-.588	-.14156	.326048
-.664	-.222128	.203056
-.644	-.42524	-.16276
-.014	.007297	-.010683
-.6	-.3744	-.1552
-.692	-.361092	-.120301
-.092	.14922	-.025669
-.838	-.448565	-.368474
-.454	-.107153	.055726
-.656	-.392672	-.149588
-.774	-.400447	-.014851
.89	.400585	-.37736
.294	.099769	.064871
-.868	-.41024	-.457355
-.86	-.39878	-.049211
-.458	-.163147	.098655
-.634	-.365495	.011197
-.688	-.3362	-.349283
-.918	-.467323	-.373972
-.442	-.158225	-.184511
-.534	-.228555	.012309
-.91	-.418055	.224615
.618	.296865	.300975
-.444	-.20532	-.044768
.514	.407643	.073966
.444	.022728	.21604
-.478	-.343139	-.097823
-.516	-.118124	.326331
.102	-.141299	.229443
-.382	-.143105	-.14848
.77	.476155	-.145832
-.648	-.443328	-.204892
-.108	-.293948	-.176459
-.868	-.386612	.115885
-.664	-.448592	-.066256
-.474	-.351405	-.061686
-.798	-.382739	-.030968
-.556	-.314408	-.234104
-.85	-.405725	-.33588
-.354	-.145669	-.191535
.322	.057223	.231977
-.196	-.291764	.072148
-.254	.071063	-.18775
-.644	-.234068	.343876
-.37	-.342185	-.11133
-.278	-.069327	-.050249
.214	.090611	-.174833
-.618	-.415387	-.190973
.112	.01152	.151387
-.564	-.139864	-.374771
-.824	-.454064	.051516
-.866	-.393805	-.149059
-.052	.14938	-.191639
-.872	-.468384	-.364088
-.776	-.303328	-.333865
-.69	-.262385	.035931
.634	.392981	.085934
-.452	-.34108	.011123
-.752	-.297632	-.06364
-.63	-.199375	.418305
-.864	-.379368	-.423432
.566	.283783	.195074
-.776	-.441536	-.247663
-.336	-.322712	-.022248
-.67	-.410075	-.163785
-.496	-.357368	-.036739
-.722	-.310821	-.237962
.106	.046917	-.123986
-.91	-.456935	-.14885
.368	.164848	-.092731
.338	.118825	-.005106
-.448	-.289136	.0502
-.686	-.394025	-.171687
-.694	-.408353	.104226
-.688	-.406712	-.123248
-.67	-.265535	-.121466
-.4	-.3794	-.133785
-.504	-.1528	.14591
-.076	-.048164	.050536
-.692	-.264996	-.277523
-.998	-.498649	-.367415
-.618	-.411185	.079925
-.338	-.280547	-.057186
.196	.070492	.025548
.14	.30142	.115103
.748	.412456	-.093613
-.75	-.424125	-.324139
-.736	-.443768	-.142592
-.854	-.473063	-.375668
-.684	-.45734	-.145953
.256	.133024	-.08531
-.7	-.3998	-.0858
-.6	-.4068	-.184794
-.786	-.345599	-.055606
-.394	-.296081	-.011459
-.55	-.362975	-.181154
-.48	-.35856	-.085388
.164	-.112388	.187837
-.69	-.365925	-.27249
-.748	-.434228	-.115861
-.766	-.391073	.016028
.93	.442805	.459367
-.43	-.125225	-.215399
.46	.05334	.375567
.094	.088025	-.095955
-.582	-.298733	.114574
-.636	-.295068	.090336
.528	.406104	.159949
.184	.274336	-.023661
-.58	-.15434	.221066
.056	-.118784	.174368
-.288	-.055	.126647
-.528	-.164408	-.284708
.122	.027901	.120674
.478	.078637	-.319654
-.874	-.435551	-.343409
.006	.106115	.069022
-.898	-.438851	-.406629
-.404	-.268156	-.084919
-.74	-.39444	.050257
.082	-.009313	-.023317
-.9	-.4588	-.344629
-.442	-.058343	-.018574
.004	-.144584	-.025288
.234	.286675	-.108358
-.734	-.402777	-.074357
-.672	-.305824	-.094947
-.212	-.244688	-.059869
.276	-.025328	.078841
.014	-.090851	.026466
-.236	-.120292	.07065
-.462	-.246333	-.124613
-.894	-.448855	-.171176
-.966	-.475299	.302317
-.976	-.481256	.295663
-.866	-.439901	.098456
-.168	-.15056	-.027029
-.046	-.111245	-.116738
-.37	-.195395	-.054809
.294	.085535	.010478
-.682	-.448643	-.237162
.92	.48112	.376285
.69	.381335	.302057
-.262	-.028787	.027313
.032	.047992	-.021725
.698	.237781	.110779
-.11	.041565	.12918
-.298	.040189	.25429
-.958	-.481289	-.468098
-.312	.054528	.069099
.206	.198877	.074841
-.174	.153779	.169691
-.874	-.471335	-.019051
-.764	-.396868	-.043293
.076	-.119096	.083807
-.254	-.290747	.004514
-.072	-.15664	.025699
-.122	-.095681	-.023331
.302	.123007	.179248
.034	.038197	.027836
-.808	-.480416	-.19394
-.972	-.480848	-.081211
-.84	-.39584	.202188
-.104	-.04304	.08412
-.942	-.453455	-.348358
.08	.15556	.08116
.324	.16862	.015777
-.106	.166477	.104859
-.39	-.145285	-.013435
.298	.363819	.074885
-.722	-.413681	-.216582
-.004	.038836	.006564
.548	.287932	.259199
-.388	-.354956	-.040152
-.462	-.054267	-.114601
-.946	-.495923	-.358117
-.596	-.291536	-.015519
.176	-.148376	-.065736
-.65	-.444175	-.04504
-.556	-.391664	-.062385
-.02	-.22168	-.086558
-.998	-.498447	.075904
.61	.262335	-.093391
-.876	-.428824	-.229949
-.938	-.476347	-.081295
-.576	-.405872	-.081375
.434	.265039	.173586
-.55	-.372875	-.117965
-.862	-.480611	-.218239
-.854	-.481823	-.300848
-.032	-.06924	.003976
-.6	-.2292	.018718
-.762	-.379215	-.148417
.938	.473845	.353315
-.962	-.484933	.258802
-.032	-.066336	-.015641
-.932	-.449068	-.140555
-.838	-.353471	-.14387
-.076	.001732	-.069691
.492	.1341	-.062404
-.224	-.292032	-.061755
-.344	-.225136	-.128101
-.1	.076	.098983
-.912	-.445176	-.156288
-.612	-.417744	-.180924
-.892	-.41684	-.312011
-.158	-.067633	.049374
-.686	-.244875	.313072
-.538	-.276623	.008381
.872	.436	.419104
-.734	-.308879	.209501
-.24	-.20968	.035166
-.088	-.013904	.057175
.144	.138352	.077148
-.37	-.395735	-.041225
-.434	-.292561	-.029421
-.272	-.057376	-.169184
-.536	-.296304	-.190384
-.05	.023925	-.01038
-.174	-.070067	.054118
-.792	-.373744	.303815
-.524	-.212496	-.300584
-.138	.123657	.194106
-.242	-.085753	-.100142
-.332	-.194724	-.070122
-.068	-.255816	-.153496
-.854	-.416853	-.427846
-.96	-.4688	-.272032
.018	.211073	-.132899
-.538	-.376877	.030431
-.544	-.173048	.208396
-.878	-.404169	-.407406
.434	.277945	-.049745
-.48	-.37416	.08824
.314	.149773	.037243
-.974	-.481241	-.095056
-.282	-.087509	.139915
-.648	-.193056	-.447489
-.848	-.483432	-.275468
-.064	-.077864	-.054761
-.01	-.083705	.123065
-.222	-.113723	.023569
-.996	-.499984	-.345833
-.604	-.303188	-.139688
.07	.282705	-.080885
-.934	-.449345	.023899
-.986	-.493273	-.26139
-.274	-.098159	-.175016
.172	-.021824	-.117688
-.02	.13896	-.157085
-.81	-.421245	-.152587
-.826	-.371675	-.218194
.146	.167545	-.02012
-.958	-.458609	-.450614
-.452	-.109824	.2374
-.894	-.433697	-.431794
-.852	-.469216	-.371849
-.78	-.36778	.016812
-.602	-.305577	.060406
-.072	.136608	.029563
.156	-.127768	-.084162
-.77	-.393855	-.197673
.082	-.072069	.154584
-.566	-.260649	-.053966
-.966	-.480739	-.45343
-.47	-.070435	.328612
-.872	-.485024	-.349736
.016	-.24092	.23568
.128	.203872	.034651
-.764	-.39616	-.310756
-.922	-.472193	-.424015
-.26	-.29502	-.063375
-.362	-.342095	-.019833
-.046	.204529	-.09941
-.428	-.39132	.088291
-.088	-.13976	.053086
-.41	-.359875	.03066
-.83	-.392815	-.417913
-.436	-.354488	-.124549
-.416	-.364512	-.119935
-.652	-.329828	-.234114
-.61	-.406595	.022522
.462	.132315	-.209882
-.288	-.269312	-.101051
.286	.061339	.149273
-.034	-.107321	.113382
-.778	-.435509	-.237098
-.25	-.255875	-.102138
.628	.357956	-.03998
-.188	-.279948	.087388
.44	.25168	.23111
-.336	.013936	.319405
-.81	-.403765	-.277754
-.954	-.464051	.068582
-.394	-.394253	-.134499
.484	.329556	-.075604
-.934	-.487955	.059473
-.714	-.253325	-.415198
-.864	-.458384	-.047504
-.814	-.349805	.366884
-.924	-.466332	-.237084
-.64	-.25124	.095935
-.22	.04834	.08716
-.87	-.472635	-.271888
-.714	-.320535	-.147012
-.414	-.401845	.02281
-.112	-.181208	.090869
-.132	-.042564	-.031128
.404	.193576	.216289
-.24	-.063	-.145005
-.794	-.357345	-.251927
.152	.076	-.135119
.118	-.070129	-.16673
-.59	-.358345	-.227821
.356	-.017264	.32992
-.984	-.496	-.274688
.29	.051475	.098606
-.772	-.309848	.221924
-.426	-.046827	.160489
-.7	-.4565	.027141
.826	.395653	-.001303
.56	.22696	.21836
-.486	-.287461	.008279
.574	.380653	.188611
-.154	-.284693	.059702
.068	.088468	.122383
-.268	-.06812	-.195768
-.452	-.129552	.031501
-.488	-.218912	-.127968
-.626	-.295983	.225021
-.208	-.294872	.052741
-.258	-.028459	-.187622
-.022	.093157	-.039414
-.588	-.41142	-.093684
-.242	-.188083	-.051373
-.502	-.211409	-.141538
-.952	-.473984	-.412731
-.772	-.42932	-.184899
-.972	-.4839	-.354876
-.842	-.399749	-.119708
-.078	.002029	.114234
-.602	-.231947	-.16403
-.576	-.326584	-.131357
-.742	-.468653	-.145113
-.918	-.460845	-.069906
-.94	-.48662	-.105831
.646	.409415	-.183338
-.17	.061495	.086486
.302	.138631	.168304
-.272	-.146192	.117089
-.592	-.220112	-.268213
-.684	-.267108	-.080972
-.682	-.356741	-.279019
-.16	-.29672	-.011118
.304	.058112	.230683
-.76	-.37616	-.155978
-.988	-.497852	-.486348
-.104	-.022432	.029752
.342	.354183	-.03104
.582	.128845	-.419198
.318	.067399	-.212654
-.638	-.448415	.006156
-.802	-.433769	-.081221
-.55	-.158675	-.358444
.4	.3372	.170368
.128	-.169496	-.212157
-.088	-.023936	-.064863
-.73	-.283325	.063677
.62	.25492	.128795
.18	.0369	.13536
-.232	-.348704	.146184
-.368	-.391296	.023296
-.002	.163171	.103974
-.78	-.44258	.183013
-.51	-.418415	-.052153
.522	.365257	.118655
-.362	-.065841	.23032
-.36	-.26448	-.074667
-.976	-.480944	-.090947
.426	.052575	-.019933
-.208	-.229136	-.095094
-.6	-.3836	-.193699
-.066	-.009183	-.052061
-.582	-.200503	-.196505
-.602	-.160307	.227134
-.38	-.1435	-.235739
-.838	-.465575	-.310542
-.418	-.073103	-.109394
-.882	-.424657	-.375351
-.714	-.323109	-.341643
-.13	-.250745	-.128965
.844	.422	-.039175
-.122	-.274793	-.136103
-.862	-.433415	-.329962
.624	.297384	.318601
.096	-.082424	-.131896
-.55	-.136625	.248963
-.698	-.368479	.222032
-.94	-.46526	.114592
-.29	.007295	.039138
.066	.131605	.11841
.418	.367107	.029501
-.598	-.224831	.233794
-.482	-.070319	.275746
.334	.201017	-.123934
-.218	-.162567	-.091578
-.186	.073463	.042249
.004	-.04318	.004861
-.88	-.49256	-.227772
.14	.03694	.059028
-.91	-.434705	.270619
-.61	-.357455	.01119
-.192	-.072568	-.089171
-.652	-.256748	-.345118
-.292	-.293972	-.022105
-.87	-.466265	.234565
-.278	-.192789	-.091658
-.336	-.261624	-.064485
-.098	-.256911	-.07335
-.14	.0848	-.109383
.348	.107948	-.250995
.518	.114031	.173569
-.176	-.282464	.029261
-.722	-.326945	.18075
.694	.385115	.318402
-.778	-.330503	.184038
-.626	-.186401	-.074983
.026	-.049073	.090768
.104	-.122432	-.05971
-.692	-.422384	-.173696
-.65	-.251675	.231905
-.708	-.27808	.063957
-.554	-.369991	-.176656
-.62	-.43312	-.006629
-.986	-.495877	.124517
-.712	-.467744	-.026357
-.532	-.162572	-.026193
.448	.373144	.131913
-.038	-.024291	-.039693
.23	.316105	-.017273
.356	.173932	.181921
-.448	-.16328	.00825
.384	.381608	.154344
-.848	-.419896	-.095524
-.788	-.31556	-.469496
-.574	-.255689	.007168
-.418	-.077177	.067873
-.19	.064165	-.23827
-.268	-.072512	-.066858
-.444	-.062428	-.073336
-.4	-.0962	.030685
-.198	.036939	-.042342
-.84	-.4104	-.422775
-.136	-.001472	-.12278
-.798	-.324159	.085944
-.606	-.370571	-.139681
.148	.158952	-.009275
.144	-.034392	.068709
.458	.190363	.269397
-.832	-.398696	.243085
.21	.017275	.117443
-.862	-.477437	-.320865
.048	-.053552	.134175
-.586	-.314735	-.204989
-.402	-.029673	-.105291
-.252	-.027264	.066238
.262	.060959	.210338
-.34	-.1568	-.175621
.418	.063655	-.183675
.094	.216023	-.05703
.008	-.045392	-.011435
-.378	-.110939	-.18867
.16	.12176	-.018025
-.324	-.291116	-.096456
-.922	-.433661	-.199994
-.592	-.16136	-.099008
-.922	-.474065	-.112086
-.838	-.392189	-.054491
-.11	.046905	-.142814
-.554	-.283467	-.00433
-.362	-.265535	-.020357
.25	-.035625	.1013
.35	.270175	.01399
-.65	-.218075	.148374
-.672	-.285488	-.024144
.29	-.025925	.305194
-.78	-.32928	-.298563
-.456	-.137696	-.215555
-.312	.04352	-.123728
-.916	-.480932	.201617
.806	.375007	-.128066
.014	.253909	.189386
-.33	-.159975	-.028713
.632	.45472	.19296
-.258	-.261447	.020763
-.884	-.400124	-.483876
-.654	-.393259	.083765
.268	-.014356	-.149493
-.986	-.498985	.207578
-.902	-.491229	.078973
-.344	-.160192	-.121863
-.916	-.45296	-.075613
.57	.196295	.251292
-.98	-.4919	.333995
.148	.080888	-.135002
.342	.276347	.080192
-.376	-.383936	.007081
-.71	-.371965	-.205795
-.918	-.484625	-.381125
.254	.303187	-.048163
-.694	-.275855	-.30644
-.04	-.21104	.098965
-.73	-.290075	.011353
-.758	-.436959	-.31556
-.792	-.354608	-.242616
-.228	.003344	-.090162
-.63	-.302975	-.192571
-.67	-.371795	-.245381
.126	.173911	-.110382
-.584	-.44176	-.025495
-.192	-.243056	.004544
.684	.373996	-.146496
-.482	-.341751	-.147354
-.142	-.094595	-.039881
-.826	-.470159	.199617
-.168	.03664	.157361
-.466	-.288803	.099134
-.602	-.270951	.03136
-.944	-.48236	-.239861
-.22	-.06788	-.026726
-.176	-.249504	.074524
-.81	-.353225	-.416647
-.832	-.46472	-.237495
-.328	-.195584	-.125809
-.488	-.316192	-.056184
-.5	-.0775	-.275486
-.874	-.446765	.031709
.024	-.221472	.199545
-.962	-.494585	-.463254
-.11	.104755	-.187412
-.662	-.286891	.10434
-.044	.112796	-.069645
-.556	-.113276	.170356
-.886	-.478967	-.101505
-.31	-.315425	-.027311
.618	.343787	.292781
-.758	-.458497	.068897
.124	-.00544	.133465
-.772	-.439808	-.088192
.382	.350621	.071675
-.67	-.467825	-.21637
-.886	-.418661	.049138
-.616	-.291104	.028701
-.922	-.486935	-.179481
-.494	-.257879	.005553
-.774	-.467795	-.113146
-.126	-.170065	-.035761
-.02	-.17072	.10536
-.292	-.063872	.134899
-.66	-.21236	.151797
.264	.140848	.122258
.384	.334552	.091725
-.808	-.350624	-.265168
.466	.320227	-.110483
-.292	-.304592	.013712
-.248	-.078128	-.081104
-.706	-.358733	-.280963
-.452	-.040228	-.188692
-.9	-.4207	-.164024
-.146	-.056347	-.088947
.048	-.181408	-.108455
.566	.358951	.211438
-.768	-.423208	-.290081
-.392	-.32976	-.03648
.174	.219075	-.023547
-.866	-.427037	-.432722
-.578	-.351667	-.188678
-.228	-.234432	.014659
-.726	-.446433	-.233471
.192	.265264	.090903
-.786	-.374275	-.251006
-.302	-.330037	.001388
-.474	-.239893	-.223682
-.074	-.109691	.009591
-.88	-.43568	-.189016
-.828	-.455968	.055189
-.898	-.411209	-.130463
-.492	-.333376	-.034808
-.908	-.470468	-.434105
-.658	-.360635	-.09876
-.498	-.123751	-.041609
-.55	-.118175	-.267329
-.846	-.478979	.139943
-.934	-.437135	-.463545
-.75	-.322625	.176587
-.48	-.39548	-.057032
-.464	-.040112	-.314133
-.242	-.005405	-.045522
-.712	-.43952	-.058616
.074	.177157	-.102485
-.722	-.463999	-.245681
-.574	-.226721	-.146066
.152	.135904	-.118687
-.762	-.434431	-.141027
-.982	-.489731	.349909
-.894	-.419599	-.471145
-.3	-.1199	-.135955
-.158	-.134151	-.071322
-.766	-.375161	.342208
-.314	-.110695	.081909
-.01	.028165	-.098499
-.788	-.482616	-.173804
.588	.289236	.147393
.078	-.148033	.211318
-.386	-.245497	-.129678
-.904	-.48272	-.01142
-.854	-.407947	-.247738
-.616	-.359072	-.245954
.094	-.018093	.113473
-.57	-.358745	-.065839
.064	.09584	.053158
-.968	-.494688	.095388
-.6	-.338	-.227548
.046	.113479	.08319
-.514	-.263075	-.227489
-.87	-.392165	-.350034
.09	.283165	.200022
-.766	-.334913	-.244248
-.07	-.186125	.062386
-.206	.005381	-.029381
-.86	-.47956	-.374308
-.442	-.257549	-.159731
.184	-.084416	.096776
-.056	-.2404	-.055853
-.596	-.178012	-.125508
-.258	-.014361	.068763
-.554	-.109527	-.413288
-.646	-.357869	-.097873
.598	.443619	.037981
.592	.254608	.189435
-.572	-.23892	.009913
.684	.441356	-.178348
-.546	-.150647	-.389809
.15	-.075075	.022577
-.648	-.197632	-.399457
-.636	-.425016	-.200589
.194	.105955	-.058473
.116	.050188	.105763
-.098	.149891	.05089
-.756	-.279424	-.120668
.668	.278956	.31156
.018	.166281	-.114213
-.97	-.480905	.293608
-.776	-.39472	.289796
-.256	-.132464	-.089405
.18	.28824	-.120464
-.62	-.17776	-.404864
-.404	-.099488	-.190977
.328	.086976	-.219143
-.432	-.11092	-.06223
.596	.304384	.274525
-.98	-.48322	.418548
.18	-.07402	.255196
-.732	-.262552	-.409427
-.952	-.455312	.251917
0	-.119	.150381
-.546	-.243717	-.272892
-.676	-.256676	-.215164
.234	.229911	.002387
-.016	.0166	-.063917
-.334	-.244589	-.014623
-.888	-.444336	-.41144
-.638	-.335109	-.268569
-.878	-.489691	.189339
-.294	.006555	.06709
-.616	-.40208	-.053408
.076	-.072828	-.052325
-.996	-.497108	-.319377
-.198	-.258999	-.114618
-.938	-.470705	.297116
.428	.162592	.257433
-.212	-.154068	-.0669
-.88	-.386	.106445
.38	.3694	.012672
-.442	-.326183	.018847
-.296	-.057184	-.051371
-.328	-.384416	.043816
-.418	-.172625	-.232835
-.958	-.470369	-.295565
-.912	-.434616	.085768
.41	.394645	.088806
-.656	-.418472	-.170072
-.708	-.462332	-.253259
.35	.280975	-.054294
-.212	-.094968	-.070025
.042	-.181669	.208429
-.728	-.299808	-.003264
-.494	-.344405	-.065998
-.442	-.299399	.035623
-.798	-.466973	-.068258
-.91	-.433535	-.115481
.828	.399376	.031832
-.764	-.471444	-.053378
-.272	-.006416	-.179547
-.382	-.211085	-.116366
.554	.120823	.314532
-.052	-.122696	.061318
.388	.223148	.108432
-.632	-.46504	-.20179
-.182	.145811	-.206771
-.078	-.114143	-.009692
-.328	-.21776	-.023387
-.516	-.165072	-.15587
.204	-.0485	-.197883
-.862	-.380837	-.47291
-.732	-.398964	-.203499
-.338	-.338141	.006165
-.544	-.343136	-.18896
-.864	-.372976	-.267416
-.524	-.4167	-.12094
-.586	-.169835	.319356
.398	.005377	.042767
-.664	-.256736	.139568
.306	.164101	.20789
.124	.159788	-.060514
-.444	-.054088	-.383295
-.44	-.31072	-.07356
-.074	.132921	.148394
-.276	-.343616	.000882
-.878	-.465047	.087458
-.298	-.032117	-.080242
-.55	-.379175	-.176934
-.87	-.426225	-.417375
-.888	-.408272	-.44052
-.004	.218116	.009562
-.016	.151408	-.108628
-.778	-.392885	.293286
-.598	-.306839	.221285
-.966	-.496991	-.034009
-.88	-.47696	.057272
-.22	-.03902	.019071
-.72	-.46332	-.073367
-.09	.017335	-.090658
-.456	-.314496	-.089451
-1	-.5	.12488
-.054	-.260189	-.10333
.104	.182272	-.077681
-.532	-.295952	-.20936
.19	-.054345	.033893
-.624	-.193184	-.325421
.078	.039539	.131663
-.09	-.026345	-.068471
-.798	-.399505	.049729
.304	.260232	.009736
-.166	-.321107	.139462
-.304	.027568	.043663
.206	.156667	.044965
-.738	-.308871	.115894
-.164	.010796	-.152908
.346	.356729	.06127
-.37	-.047345	-.044726
-.96	-.47432	-.344488
-.398	-.107797	-.279374
-.214	.100111	-.06248
.518	.206629	.294938
-.886	-.452633	-.417428
.19	.245535	-.00638
-.678	-.230969	.305743
.164	.260092	.096403
.574	.377505	-.1645
-.398	-.165589	-.015192
-.856	-.422672	-.190472
.02	-.22052	.109857
.168	.061808	.110224
-.016	-.166424	-.059494
-.268	-.095204	-.051296
-.348	-.016216	-.069487
-.974	-.496295	-.248625
-.68	-.27056	-.173157
-.606	-.441885	.078911
-.646	-.368489	.046373
-.386	-.165063	-.002043
.452	.112744	.116622
-.478	-.290417	-.172403
-.922	-.449573	-.371664
-.932	-.455596	-.418796
-.014	-.009465	.036386
.68	.22576	.448864
.152	.141664	-.146576
-.354	.031335	-.008415
-.722	-.343069	-.216563
-.938	-.489181	-.086974
-.52	-.10736	.250694
.756	.446484	-.020775
-.01	.104395	-.116874
-.714	-.235593	-.080216
-.812	-.44454	-.048356
.688	.239344	-.282028
.446	.024175	-.092093
-.96	-.48296	-.432615
-.21	.007575	-.180251
-.19	-.270365	.056237
-.224	.017592	.174512
-.778	-.344711	-.375714
-.582	-.292881	-.263967
-.26	-.12852	-.096657
-.16	.06784	.060708
.056	-.0512	.090271
-.066	.209373	-.270378
-.888	-.468528	-.271143
-.548	-.42542	-.1272
-.824	-.481872	-.28112
-.306	-.137385	.109539
-.418	-.135959	.113897
-.614	-.258557	-.067386
-.522	-.418501	-.025393
.286	.183509	.086723
-.888	-.407712	-.143052
.398	.318529	-.003104
.6	.1416	.214592
-.208	.111424	.210452
-.758	-.435265	.100674
-.072	.081856	-.146767
-.528	-.278632	.164639
-.048	-.102064	-.060535
.038	-.032381	-.094985
-.912	-.477208	-.151509
-.184	-.309056	.028028
-.508	-.131984	-.078068
-.7	-.2393	-.055727
-.826	-.361583	-.216609
.274	.234461	-.096811
-.81	-.460195	-.078612
-.254	-.166165	-.06673
-.448	-.339368	-.001615
.122	-.051761	.168217
.256	.230992	.038373
.1	.1897	.008383
-.35	-.079125	-.218634
.69	.469215	.048561
-.946	-.469625	-.328983
.014	.024745	-.00359
.03	.201945	-.005733
-.85	-.401825	-.289786
-.444	-.33042	-.103336
.454	.045977	.048559
-.872	-.387488	-.414447
.198	.197835	.074533
-.142	-.037109	-.036646
-.686	-.242991	-.115037
-.214	.031729	-.032798
.526	.304965	-.165005
-.82	-.39236	-.39134
-.416	-.314872	.023735
.256	.057664	.124391
-.438	-.039441	.040718
-.428	-.407908	-.091135
.534	.111299	.379441
-.946	-.489875	.299875
.726	.289645	.238983
-.598	-.419399	-.074174
.234	.075661	.17069
.492	.16394	.325351
-.866	-.469649	.271472
-.36	-.13264	-.163301
.222	.118943	-.092482
-.678	-.372649	-.287384
-.234	-.043847	-.187378
.06	.17522	-.104132
-.604	-.223196	.15826
.17	.313735	.061498
-.404	-.12154	.153887
-.944	-.450608	-.357385
.434	.085789	.113311
-.262	.063463	.042929
-.37	-.343445	-.005414
.27	.326135	-.003503
-.21	-.268925	-.095497
-.83	-.420015	-.33974
.232	.24536	-.03185
.388	.238416	.151408
-.776	-.474912	-.281929
.424	.096656	.194841
-.69	-.333995	-.335713
-.792	-.385184	.223184
-.678	-.354295	-.229468
.938	.460279	.361306
-.414	-.377819	-.106514
-.126	-.170939	-.103118
-.502	-.219875	-.235467
-.44	-.1472	.2707
-.996	-.496124	-.000616
-.512	-.137904	-.247853
-.276	-.358096	.030681
-.35	-.335225	-.028866
-.848	-.464584	-.329595
.104	-.118016	.208132
0	.087	.044257
-.118	.118723	.211447
-.816	-.412784	.379393
-.692	-.340764	.329284
-.512	-.256	-.173663
