.416	.236032	.088905
-.092	-.29212	-.039804
-.526	-.410007	.133761
.23	.006273	-.081329
.078	-.091719	.049538
.35	.016897	-.024807
-.732	-.409364	.275324
-.158	-.078463	-.016477
-.736	-.454968	-.378576
-.434	-.245671	.212663
.582	.171241	.154198
-.482	-.188731	.169512
-.036	-.25567	.06626
-.14	-.24174	.179144
.394	.013655	-.001647
-.878	-.449925	-.137853
-.548	-.36216	.214446
.502	.177345	-.111778
-.046	-.242825	.16682
.058	-.215671	-.115025
-.022	-.207707	.049278
-.246	-.227515	-.106931
.044	-.21302	.172217
-.226	-.313383	-.187573
-.476	-.18181	.05642
0	-.20182	.077326
-.212	-.005742	-.071347
.382	.098861	-.054765
.55	.258321	-.02157
-.048	-.085148	-.030092
.154	.101499	.02278
.062	.077811	.048103
-.19	-.284003	.071832
.04	-.22575	-.214035
-.112	-.139128	.116388
.27	-.026471	.024556
-.038	-.145253	.037817
-.338	-.195823	-.132451
.888	.397516	-.061743
-.244	-.33382	.206261
.292	.187532	.001054
-.066	.065529	-.056288
-.13	-.278021	.132022
-.334	-.194763	-.217254
.928	.4518	-.214748
.66	.312452	-.125815
.102	-.044929	-.073798
-.546	-.419095	-.310161
-.718	-.463391	.169785
-.336	-.186144	.017728
-.614	-.461889	.226555
-.158	-.311159	-.267398
-.636	-.41731	.338579
-.15	-.184015	.091469
-.142	-.221711	-.125618
-.64	-.441542	.20573
-.814	-.462451	.337192
.774	.475969	-.197631
-.122	-.165817	-.053001
.24	.03504	-.035544
-.282	-.323779	.154464
-.342	-.340613	.18422
-.112	.092046	.023437
-.434	-.190927	.122459
.894	.464541	-.256821
.196	-.011018	.02966
-.714	-.477559	.42315
-.446	-.334229	.025258
.43	.018881	-.010854
.452	.276292	-.10706
-.612	-.314384	.228795
-.542	-.348235	-.174295
-.164	-.137276	.053563
-.408	-.184032	.112437
.436	.050754	-.143464
-.534	-.433821	.203612
-.074	-.282727	.151607
-.526	-.381191	.247332
-.356	-.291952	.167966
-.262	-.210179	.06397
-.796	-.426572	.015482
-.764	-.481126	.418204
.184	-.021772	-.084166
.106	-.029911	-.103044
.306	.117329	-.049757
.678	.210917	.13176
-.494	-.382339	.259551
.13	-.180703	-.17981
.066	-.164839	-.029169
-.358	-.092899	.087281
-.12	-.29032	.213968
.612	.185502	.029583
-.402	-.368799	-.00112
.014	-.053831	.034686
-.54	-.347372	-.089125
.264	-.091036	-.072707
-.38	-.130908	.051
.088	-.131488	-.018866
.326	.036877	-.010384
-.38	-.362132	.047915
-.314	-.336319	.022158
-.696	-.440912	.375629
.366	-.001143	-.018313
.008	.001676	-.082107
-.41	-.374563	.006785
-.05	-.211649	-.073169
.344	-.01082	-.052659
-.232	-.350834	.209289
-.464	-.350056	.065907
-.296	-.31648	.2155
.138	-.046835	-.064438
-.404	-.39903	.001847
.37	.019545	-.057714
-.304	-.211446	.16266
-.044	-.093468	.046626
.582	.125913	-.029871
.004	-.245628	-.014921
-.51	-.368821	.193158
-.624	-.395656	-.215526
.598	.294911	.096508
-.348	-.185236	-.049587
.932	.453148	.071233
-.634	-.451311	.206462
.618	.317201	-.167946
-.096	-.295696	-.059738
-.306	-.171337	.075647
.348	-.044624	-.057332
.068	-.092736	-.02269
.214	-.071127	.041691
-.21	-.169825	-.039317
.876	.387476	-.248583
-.31	-.266835	.155646
.672	.391664	-.034869
-.292	-.371066	.133252
.372	-.02782	-.127187
.562	.152141	-.165157
.186	-.017843	.051348
.824	.386176	.111127
.412	.003134	-.158281
-.354	-.305035	-.080866
.174	-.070055	-.093502
-.548	-.425418	-.014623
.472	.094716	-.005409
-.504	-.261804	.184105
.576	.212128	-.162362
-.258	.025587	.017077
-.202	.006111	-.000386
-.232	-.338904	.082903
-.086	.004529	.073257
-.592	-.29092	.199583
-.162	-.122039	.003185
-.214	-.095651	.050858
.174	-.145291	-.150392
-.398	-.363847	-.051463
.426	.292037	-.076185
-.572	-.303504	.06307
-.664	-.464756	.439692
-.118	-.303683	.091602
.692	.271684	-.251127
.1	-.021244	-.043687
-.194	-.131179	-.023557
.19	-.128695	-.135159
-.748	-.45366	.166972
-.114	-.185251	-.036114
-.104	-.068258	.018535
.638	.204025	.052345
.542	.144299	-.17241
-.2	-.10768	.042336
.416	.160036	-.059688
.328	.130556	.017043
.21	.111179	.017377
.228	-.048404	-.088135
-.056	-.217096	-.111465
-.082	-.176761	.109858
-.148	-.1127	-.05928
.152	.108392	.040348
-.5	-.244012	-.234457
-.77	-.485687	-.003908
.042	-.025559	.012009
.21	-.012223	.004047
-.682	-.446303	-.019359
-.292	-.210018	-.020752
.728	.291968	.119433
-.342	-.158143	.093718
-.408	-.368032	-.208953
-.448	-.363818	.128047
-.348	-.137628	-.016035
.592	.339132	-.045405
-.426	-.391387	.053446
.04	.028112	-.022862
.174	-.126259	-.004634
.024	-.06934	-.03996
.418	.143081	-.068763
.154	-.110623	-.113298
-.242	-.348813	.118628
.722	.251341	.044412
.26	.003028	.024698
.84	.378472	-.279816
.3	.048818	-.063894
-.64	-.348576	.046468
.088	-.02351	-.00443
-.344	-.344292	-.218952
-.46	-.199514	.014017
-.82	-.413672	.32812
.536	.333328	.139544
.304	.005468	-.075789
-.118	-.284911	-.074538
.166	-.073447	.053719
-.788	-.44888	-.185615
-.032	-.107512	.071997
.386	.002089	-.008486
-.6	-.39796	-.148624
.278	.082385	-.117002
.088	-.182306	.023604
-.55	-.216831	-.064513
.738	.376457	-.176443
.608	.320168	.117465
.342	-.034199	-.077179
-.758	-.421559	-.107471
.888	.392976	-.187344
.638	.240649	-.200172
.944	.445444	.037844
-.298	-.344095	-.131898
-.212	-.209956	.139422
.446	.055093	-.083689
.64	.222576	-.133524
.46	.03692	-.005209
.45	.333145	.073935
.134	-.171959	-.128473
-.19	-.248867	.057526
.038	-.230639	-.168122
-.296	-.34396	-.14538
.042	-.206875	-.132078
.086	.064741	-.070893
.446	.104393	.056774
.534	.190871	-.202534
-.52	-.401272	-.104415
-.036	-.201376	-.107241
-.532	-.118324	.050083
.508	.185764	-.050842
.898	.431057	.349714
.384	.140564	-.102614
.356	-.004298	.025061
-.136	-.040196	-.003076
.076	.048812	.025447
.73	.260821	-.146839
-.236	-.295556	.0771
-.356	-.311994	-.011886
.206	-.081329	.106173
-.466	-.367601	-.019041
.416	.048574	.036211
.498	.077003	.016927
.29	.155425	.073276
.412	.224158	-.197762
.828	.422708	.039207
.808	.317916	-.075217
-.334	-.305845	.124516
-.162	-.254259	-.016535
-.126	-.243943	.019925
-.25	-.298765	-.095875
.668	.275456	-.290944
.086	-.134999	-.089746
.544	.179064	-.031896
.604	.251936	-.203952
.056	-.18364	-.155217
-.924	-.4951	.361125
.598	.146805	-.034413
.508	.097872	-.108829
-.024	.16218	-.124445
.364	.09822	-.130837
-.358	-.357775	.221289
-.03	-.263095	.158686
-.022	-.235479	-.06985
.178	-.123511	-.058846
-.046	-.030359	-.043712
-.044	-.25074	.200889
-.454	-.252071	.043468
.788	.397348	-.290877
.09	-.174355	.126291
-.312	-.360916	.286278
.316	-.063652	-.065523
.272	-.002374	-.070165
.292	-.060688	-.073864
.3	.026868	-.057872
.386	.227577	-.160265
-.59	-.441915	-.254647
-.134	-.291271	.195683
.288	-.061394	.051675
-.052	-.261772	-.09913
.364	.132116	-.027591
-.096	-.103196	.054005
-.346	-.333311	.163156
-.738	-.474289	.350543
.314	-.066959	-.100121
.492	.363404	-.324084
-.33	-.122007	-.01484
-.328	-.332534	.26974
-.388	-.362444	-.109899
.55	.223685	-.165105
-.216	-.277536	-.074735
-.672	-.404506	-.010575
-.606	-.387463	.378651
.062	-.139227	.081446
.126	.085433	-.03145
-.4	-.401442	.289519
-.836	-.455602	.095941
.24	.035026	.035728
.046	-.059311	-.088184
.576	.224516	.007387
.51	.071985	-.091203
.832	.34727	-.309606
.298	-.017941	-.07518
.002	-.227471	.098356
.024	-.19382	-.11056
-.674	-.391651	-.328198
-.362	-.309691	-.084565
-.578	-.394279	.126326
.508	.366716	.097188
.144	-.14767	.051747
.502	.146585	.128502
.322	-.028891	-.021418
.738	.281545	-.042417
.402	.052297	.001957
.738	.289959	-.05776
.164	-.102602	-.069772
-.314	-.281437	-.206937
-.99	-.496971	-.133901
-.094	-.093791	.033806
-.03	.217049	.072954
.542	.156153	-.14319
-.956	-.497324	.16524
-.16	-.285918	.194813
-.81	-.435487	.08266
.786	.432995	-.428494
-.338	-.227815	-.011314
.214	-.052161	.009745
-.78	-.469128	-.355531
.164	-.130154	-.098424
-.036	-.152922	-.085452
-.22	-.242108	.148896
-.898	-.496089	-.400743
.464	.104052	.014742
.128	-.021772	-.021858
.806	.317401	-.279118
-.418	-.324879	.122865
-.854	-.486719	.396835
.378	.105845	-.106934
-.042	-.270559	-.005778
.562	.232017	-.153778
.278	-.074213	-.068777
-.318	-.319763	.092107
-.044	-.224084	.021592
-.02	.15088	.021742
.158	-.146825	.106873
.26	.05292	-.052351
.12	-.05638	.017499
.542	.158881	-.168599
.422	.158429	.065478
-.48	-.378822	.270429
-.208	-.198248	-.08307
-.58	-.441916	.084597
-.822	-.449309	-.046024
-.594	-.223477	-.010465
-.288	-.372606	.199465
.66	.349448	-.345144
-.58	-.445054	.202571
-.122	-.285803	-.011521
.404	.03102	-.132614
-.28	-.199648	.154188
.422	.131009	-.06364
-.792	-.426864	.342798
.396	.098156	-.061704
-.348	-.355196	-.117568
.606	.160769	-.046756
.078	-.174565	-.019757
.466	.289931	-.166911
.462	.211981	-.21275
.256	.112424	.020572
-.368	-.333412	-.287795
.056	-.1289	-.014375
-.704	-.474556	.154715
-.626	-.465031	.016031
.388	.193452	.076933
-.562	-.447463	.200369
.498	.123231	.048259
.304	-.069646	-.059168
-.842	-.476007	-.032449
.332	.298876	-.103927
.062	-.198959	.126215
.546	.214689	-.142603
.478	.333161	.111171
.08	.0188	-.009199
.736	.283484	.207701
.21	.152765	.121346
-.096	-.283792	.027367
.51	.095459	-.178299
.382	.040841	-.089939
-.498	-.203079	.114666
.346	.259979	-.101053
-.332	-.374224	-.06629
-.65	-.393423	.022486
-.454	-.419597	-.411526
.016	-.102856	-.033904
.016	-.139272	-.003287
-.816	-.491416	.016923
-.406	-.405111	.246588
.412	.08987	-.065929
.28	.05216	-.067799
-.03	.215481	.00332
-.726	-.387537	.289667
.346	-.032875	.085459
-.028	-.170532	.089031
-.058	.043771	-.045258
.402	.117203	-.020677
-.212	-.232012	.113749
.686	.340609	.045338
.632	.225916	.119136
-.74	-.37063	-.268741
.096	-.138296	-.106165
.604	.160208	.054817
-.086	.093947	-.003434
-.09	-.097711	-.021972
-.472	-.303058	-.191353
-.492	-.252694	.162904
.036	-.123064	.00096
-.808	-.350624	.247345
.038	.066721	-.098939
-.046	-.194263	-.03433
.38	.229496	.016277
.59	.146423	-.162999
.018	-.007419	-.080231
-.518	-.439459	.20585
.104	-.104816	-.040531
-.356	-.394762	-.079936
.246	-.056431	-.063082
-.034	.042289	-.083465
-.75	-.469705	.061806
-.772	-.449204	-.102434
.236	.016054	.00519
.384	.10919	-.175019
.508	.112118	-.134909
.398	.006743	-.107773
.472	.317296	.01045
-.206	-.328531	.107162
.25	-.091991	.012272
.494	.192199	-.132827
.734	.431585	-.043976
.288	-.084144	-.0726
-.116	-.217084	-.040076
-.572	-.398456	.004522
-.144	-.299428	.100504
-.628	-.429942	.042741
-.684	-.403496	-.222893
.402	.154751	-.116612
-.498	-.346293	.068382
-.428	-.290792	.163711
-.254	-.149051	.006109
.846	.355815	.265087
-.234	-.260811	.234439
.096	.074528	-.031962
-.562	-.419443	-.365039
.606	.150137	-.089674
-.184	-.21224	.171943
.03	-.232515	.10692
.45	.129347	-.065205
-.166	-.059351	-.020522
-.222	-.260929	.022476
.26	-.057344	-.09278
-.234	-.264299	-.198619
.144	.014716	-.048635
-.086	.103441	-.029381
-.908	-.478588	.354617
-.188	-.327046	-.055601
-.21	-.160375	-.086325
.214	-.123895	.118391
-.512	-.366864	-.206988
.022	-.192775	-.121819
.378	.006537	-.026158
.86	.38459	-.040897
-.248	-.34116	.261299
-.372	-.141788	.031536
.224	-.121136	-.120687
-.136	-.049276	.0846
.614	.233779	-.209258
.46	.199262	-.172735
.61	.169553	.085057
-.676	-.389412	.279662
-.124	-.240224	-.033119
.464	.130276	-.154452
.462	.145945	-.158198
-.91	-.454871	.428149
-.426	-.240117	.125727
-.648	-.33328	.112027
.456	.044292	.045912
-.124	-.122828	.01584
.768	.289134	-.138281
-.138	-.047551	.053762
-.378	-.197471	.069465
.962	.463397	-.250991
.116	-.058676	-.01355
-.258	-.043447	.046418
-.286	-.108051	.044735
.52	.090336	-.035737
-.41	-.399575	.056875
-.436	-.388228	.218817
.632	.19804	-.119667
.03	-.120519	.091588
-.204	-.101284	.017711
-.256	-.205896	.110534
.046	-.035303	-.006846
.39	.047525	-.070694
-.806	-.484903	-.273513
.15	-.122559	-.095983
.408	.077174	-.042744
-.64	-.4676	-.419096
-.176	-.280556	.204168
.088	-.061306	.004713
.344	.048792	-.102827
.708	.364484	.04204
-.408	-.368488	-.240406
-.342	-.365263	-.039294
.446	.091849	-.07019
.094	-.039595	-.010527
.776	.289924	.188128
-.664	-.426746	.255577
-.758	-.479563	.237319
-.116	-.236392	.226687
.374	-.021591	.036772
-.322	-.380543	-.148191
-.416	-.341264	-.149513
-.182	.041825	-.060872
-.044	-.012236	.005759
.652	.227996	-.126021
-.688	-.39895	.184734
.372	.074048	-.042883
.258	-.065919	-.077735
-.804	-.455608	.357119
.068	-.192644	.169208
.734	.349369	-.154257
.91	.432969	-.148442
.462	.102641	-.074581
-.15	-.089539	-.063646
.49	.116939	-.128658
.31	.125449	-.109971
.476	.06498	.04468
-.782	-.483871	.354348
-.468	-.275776	.218493
-.546	-.403435	.334853
-.176	-.160912	.100227
-.558	-.384451	.298796
-.648	-.327244	-.055277
.082	.066381	.028813
-.136	-.21827	.173856
-.666	-.372097	.180693
.192	-.142026	.128075
.112	-.160008	-.157097
.032	-.209366	.025017
-.56	-.434232	.370835
-.632	-.440914	.207233
.34	-.016576	-.002598
.188	-.020004	.029179
.14	-.174686	-.011845
.082	-.198919	-.145286
.088	-.099424	-.060412
-.374	-.378549	.042328
.874	.412817	-.395582
.256	-.103474	-.136066
.122	.103765	-.108197
-.158	-.196267	.136541
.678	.248541	-.080529
.31	-.064067	-.033817
-.518	-.341959	.181725
.478	.200479	-.155675
.554	.151753	.047736
.326	-.043403	.038026
-.674	-.461587	-.235384
.46	.33278	-.281965
.676	.206834	.237075
.558	.288435	-.142715
-.832	-.424054	.135696
-.152	-.27	.075157
-.464	-.320346	.238886
.786	.323345	-.281249
.656	.242256	-.156599
.182	-.111389	.015514
.074	-.211007	.137542
-.644	-.449416	.215517
-.294	-.336751	-.256442
-.11	-.251407	.204034
.148	.150398	-.030493
-.42	-.35462	.161896
.472	.128546	-.081181
-.502	-.425649	.278516
.334	.049337	-.064865
.002	-.191551	-.131649
.438	.120449	-.173467
-.094	-.293441	-.172836
-.528	-.150904	.154665
.322	-.022311	.027974
.5	.24723	-.177923
-.758	-.467999	-.090052
.154	.066977	.021356
-.914	-.496443	.349889
.384	.121664	-.030219
-.488	-.303634	.050745
-.412	-.36875	.109958
.32	.026554	-.066483
-.306	-.373063	.035455
-.752	-.464464	-.243279
.568	.212852	-.074364
-.394	-.396107	.209438
.338	-.018275	.001351
-.682	-.473419	-.01867
-.662	-.285327	.074646
-.294	-.311401	-.019808
.152	.150952	-.088723
-.136	-.023384	-.089578
-.766	-.345807	.112394
-.472	-.41543	.178569
.258	.204401	.005655
-.018	-.030229	.087391
.62	.210046	-.088695
-.464	-.354478	.030801
.542	.198979	-.09798
.28	.31676	-.018726
-.934	-.487547	.263246
.444	.053864	.039585
.852	.368124	-.156446
.324	.139592	.095684
-.118	-.041663	-.06191
-.878	-.444859	.385665
.614	.249649	-.072255
-.124	-.032508	-.057505
.56	.255538	-.209984
.866	.408089	-.282188
.414	.101759	-.145463
.016	-.217344	-.052071
.014	.124129	.129051
-.018	-.023731	.060754
.844	.392594	.079964
-.238	-.326567	.122628
-.21	-.196425	-.070043
.234	.149699	.004533
-.456	-.309152	.197638
-.71	-.417599	.193818
-.294	-.231643	-.105028
.292	-.05587	-.1064
.132	-.152394	-.178312
.438	.054293	-.051207
.444	.023108	-.132291
-.764	-.466498	.341976
.594	.175601	.010496
.18	-.12348	.063146
.188	-.108284	.105363
-.016	-.084054	-.019114
.286	.150565	-.194141
-.24	-.222376	-.088264
.788	.345496	-.293489
-.208	-.279472	-.088758
.138	.045413	.055345
.17	.075991	-.091541
-.622	-.396407	.213379
-.516	-.377932	-.218485
.424	.00752	.097659
-.038	-.206629	.191872
.45	.026731	.086679
-.528	-.278864	.141679
.908	.425764	-.392165
-.194	.117117	-.071861
-.646	-.304671	.18803
-.28	-.192224	.130531
.51	.306425	-.268914
-.242	-.263791	-.141079
.156	-.14955	-.029728
-.118	.001647	-.00484
.092	.130788	.114519
.162	.016961	-.002883
.414	.121109	-.123476
.808	.356408	-.320945
.372	.019356	-.063824
.512	.23664	.02097
.58	.180708	-.141423
-.268	-.33747	-.045069
-.054	-.201651	-.127815
-.312	-.371078	.181706
.476	.061124	-.085608
-.058	-.159431	-.028811
-.596	-.340636	.065516
-.474	-.408061	-.368829
.212	-.013148	.025556
-.122	-.109831	.095454
-.026	-.225439	.026442
.74	.327092	-.019722
-.654	-.449669	-.058779
-.296	-.045376	.139025
.404	.2506	-.134256
.32	-.048432	-.070417
-.666	-.449111	-.057689
-.764	-.321676	-.081709
-.832	-.473432	.19127
.158	-.140259	-.073876
-.114	-.264151	.115585
-.36	-.251296	.048096
-.362	-.211479	.01461
-.36	.013272	.056304
.428	.052736	-.15318
-.666	-.382615	.009182
-.056	-.183616	.09942
-.374	-.387431	-.158478
.578	.195259	.111717
.692	.374316	-.353637
.328	.118088	.022066
.77	.363737	.175889
.2	.085666	-.164903
-.024	-.163516	-.037189
.31	-.069843	-.134967
.442	.257141	-.025195
.222	-.123991	.013637
-.406	-.394349	.193073
-.8	-.47521	.244329
-.062	-.267767	-.15275
.162	-.110275	-.017601
.232	.085456	.034466
-.86	-.468208	-.106418
-.096	-.246032	.077703
.516	.2681	-.038252
-.638	-.387079	-.053044
.084	-.133336	-.143375
.302	.075101	-.065275
.082	.045641	.023697
-.582	-.380517	-.031637
.034	-.028955	-.059857
.268	.141896	-.02424
.27	-.042655	.080207
-.72	-.479952	.136593
.73	.346793	-.254362
-.514	-.246563	-.037854
.062	-.102327	-.074957
-.344	-.307266	-.168361
-.62	-.449356	.401687
.068	-.021388	.007281
-.192	-.32641	-.311976
-.266	-.326489	-.142914
.27	.033313	-.043922
-.284	-.36532	.274023
.808	.412232	-.199215
.484	.240176	.006185
.312	.110612	-.038843
-.81	-.414055	.067555
.45	.040535	.075897
-.756	-.37459	.366041
-.508	-.42806	-.067404
.606	.183809	-.194893
-.586	-.365423	-.03329
-.674	-.389221	.113877
-.464	-.427216	-.007123
-.738	-.469375	.111798
.116	-.117694	-.025407
.184	-.127008	.071148
-.428	-.405804	.341203
.364	.180724	.044923
.126	.017137	-.033715
.888	.438792	.190957
.668	.365332	.214861
.86	.365572	-.043104
.154	-.100271	-.040987
.242	.167391	-.084819
.242	-.017115	-.038214
-.09	-.194695	-.063318
-.65	-.363511	-.015078
-.096	-.157146	-.076992
-.656	-.4656	.083382
-.018	.092957	-.043762
-.92	-.487418	.232792
.164	-.150496	-.013862
.122	.165323	.026511
-.328	-.070336	.07828
-.342	-.373159	.082991
-.06	-.275074	.224158
-.658	-.367383	-.051957
-.052	-.239064	.045325
.228	-.040768	-.034578
-.786	-.488439	-.169497
.354	-.001855	.02443
.132	-.167338	.078928
.274	.188489	.050314
.052	-.073244	-.059743
-.214	-.207617	-.073336
-.586	-.423295	.083919
.65	.271809	-.167132
-.736	-.473372	.407813
.774	.288621	-.132079
.86	.38138	-.211564
.886	.414089	-.369559
-.7	-.427324	-.170834
-.552	-.422432	.253383
.678	.219525	-.146061
-.31	-.256761	-.048477
-.506	-.297871	.251747
.2	-.119252	-.023475
-.014	-.054385	.031554
.074	-.172411	.007275
-.29	-.336855	-.257139
.574	.154089	-.031849
-.404	-.239332	-.188048
.836	.348034	-.111021
-.59	-.344971	-.04757
.286	.001677	-.078837
.072	-.112384	.027164
-.084	-.268744	-.079177
-.634	-.461541	.000318
-.182	-.292705	.066994
-.162	-.324055	-.140941
-.732	-.476164	.250288
-.712	-.478392	.229685
.312	.18347	.058707
-.288	-.067516	.039298
-.572	-.439804	.166745
.082	.014981	.061909
.176	.181936	-.129862
.214	.110449	.010623
.426	.057659	-.081372
-.392	-.280872	.097566
-.216	.061408	-.015024
.044	.035532	-.029113
-.078	.109817	.030615
-.452	-.409588	.201149
.192	-.002386	-.011447
.388	.014928	-.126911
.45	.232175	-.040054
-.06	-.259548	.187523
.398	.088871	-.034606
.118	-.068127	.071273
.402	.047293	-.112899
-.646	-.467873	-.346513
.936	.473666	-.456945
-.068	-.195932	.028143
.572	.120148	.108072
.43	.054149	-.085432
.132	-.01062	-.05057
.616	.231748	-.205378
.664	.344514	.130164
-.136	-.243914	-.157495
-.442	-.397919	.080269
-.81	-.478885	.210456
-.118	-.104247	.021003
-.986	-.499827	.297817
-.224	-.29384	-.035623
.684	.297852	-.183539
-.712	-.424976	.236044
.296	.020758	-.03002
-.526	-.405351	-.077339
-.388	-.224804	-.029852
.5	.373024	.071961
.474	.272671	.013449
-.054	-.220205	-.090586
.038	.087251	.099966
-.034	-.262063	.052935
.366	.099789	-.133439
.558	.232485	-.00443
.37	-.025959	-.076338
.066	-.169767	.166758
.12	.08174	.059275
.004	-.10471	.042612
-.086	-.080591	.088086
.538	.188001	.031262
.436	.027428	-.106215
.004	-.236476	-.128187
-.392	-.374684	.115759
.672	.269612	-.200018
.47	.145505	-.063331
-.152	-.082818	-.01253
-.3	-.342732	.273988
-.544	-.23584	-.00444
.136	-.0898	-.053978
.264	-.021248	-.055197
-.57	-.361315	-.092209
.824	.335638	-.184744
-.05	-.061705	.037202
-.866	-.476791	-.185933
.382	.011153	-.120222
.588	.159696	.099178
.454	.264101	-.002033
.478	.207737	.090719
.12	-.124906	-.105529
.624	.182952	.03022
-.48	-.402656	.070765
.374	.110695	-.114177
.23	-.121367	-.118263
-.956	-.484522	.419511
.266	-.040031	-.062654
.576	.161812	-.223852
-.102	-.205789	.180477
.568	.179384	-.160515
.012	-.216784	.166916
-.062	-.064161	.078224
.298	.055881	.023381
-.452	-.303796	-.250372
.222	-.045357	-.103436
.26	-.03761	-.035865
-.89	-.470785	.393951
-.416	-.376044	.161185
.81	.426821	-.158863
-.254	-.257409	.073377
-.748	-.480254	-.141482
.056	-.183004	-.006973
.206	.158629	.035996
.468	.158018	.013525
.38	.3181	-.173794
.222	.097961	.012719
-.364	-.202732	.027132
-.91	-.489311	-.321945
-.834	-.476133	.452256
-.092	-.264838	-.157265
.072	-.095932	.047764
.5	.14838	-.120914
-.264	-.223576	.100731
.044	-.160484	-.070779
-.454	-.421807	-.299308
.386	.113529	.087275
-.578	-.423579	-.051122
.078	-.131095	-.13909
.856	.374912	-.360078
.37	.286465	-.259203
.832	.342264	.067409
-.726	-.449031	.27245
-.816	-.462094	.079053
-.428	-.195498	-.141053
-.072	.005462	.008281
-.466	-.399979	.098541
.266	-.042551	.001662
.186	-.053885	-.083907
-.096	-.289436	-.104132
.6	.186136	-.090676
.914	.418517	.089362
.316	.003054	-.066574
-.148	-.30115	.01984
.722	.252985	-.082346
-.174	-.092101	.027901
.74	.319138	-.126597
.512	.071784	-.106929
-.392	-.303136	-.151384
.58	.16352	-.026276
-.21	-.156151	.046086
.624	.204496	-.175552
-.616	-.420566	.022849
.642	.187841	.015307
.47	.070585	-.110791
.062	-.078999	-.021167
-.454	-.356207	-.20743
.77	.388649	-.327196
-.452	-.377212	.12107
-.074	-.285131	.109432
-.66	-.421798	.275299
-.338	-.128463	.054246
.54	.134876	.146343
-.016	.116284	.117353
.342	.016793	-.035861
.08	-.181612	-.030396
-.582	-.329683	-.24449
-.798	-.473671	-.150338
.084	-.02752	.024166
.758	.398429	-.018937
-.348	-.299404	-.249204
.718	.246697	-.160852
.242	.148369	.080247
.264	-.029692	-.076069
-.298	-.360631	.069509
.58	.29294	-.229731
-.206	-.300761	.132274
.094	-.198839	.05175
-.324	-.303964	.097964
-.5	-.43221	.179587
-.402	-.041139	-.040818
-.232	-.195464	.025116
.28	-.03892	.038793
-.662	-.413007	-.23735
-.558	-.326197	-.027279
.224	-.078146	-.069644
-.448	-.388086	-.322094
.066	-.026167	-.005621
.13	-.129567	.000604
-.926	-.475231	.45261
-.21	-.301891	.243473
.154	-.092799	-.073795
.086	-.136593	.000857
-.462	-.378199	.246983
.214	-.081631	-.11901
-.574	-.419351	-.106978
-.07	.108705	.020897
-.298	-.362981	-.016496
-.278	-.160239	-.020578
.644	.20857	-.048584
-.536	-.366314	.146132
-.654	-.368763	-.056579
.878	.455521	-.154216
.03	-.029647	.077809
-.11	-.287035	.102396
-.556	-.388706	.180655
.144	.033224	-.046836
