0	0	0
.8	.47	.31
.6	.42	.09
.4	.35	-.03
.2	.26	-.13
0	.15	-.21
-.2	.02	-.27
-.4	-.13	-.31
-.6	-.3	-.33
.8	.45	.25
.6	.38	.13
.4	.29	.03
.2	.18	-.05
0	.05	-.11
-.2	-.1	-.15
-.4	-.27	-.17
.8	.43	.35
.6	.34	.25
.4	.23	.17
.2	.1	.11
0	-.05	.07
-.2	-.22	.05
.8	.41	.37
.6	.3	.29
.4	.17	.23
.2	.02	.19
0	-.15	.17
.8	.39	.39
.6	.26	.33
.4	.11	.29
.2	-.06	.27
.8	.37	.41
.6	.22	.37
.4	.05	.35
.8	.35	.43
.6	.18	.41
.8	.33	.45
.8	.47	.3
.6	.42	.1
.4	.35	-.02
.2	.26	-.12
0	.15	-.2
-.2	.02	-.26
-.4	-.13	-.3
-.6	-.3	-.32
.8	.45	.22
.6	.38	.1
.4	.29	0
.2	.18	-.08
0	.05	-.14
-.2	-.1	-.18
-.4	-.27	-.2
.8	.43	.3
.6	.34	.2
.4	.23	.12
.2	.1	.06
0	-.05	.02
-.2	-.22	0
.8	.41	.32
.6	.3	.24
.4	.17	.18
.2	.02	.14
0	-.15	.12
.8	.39	.34
.6	.26	.28
.4	.11	.24
.2	-.06	.22
.8	.37	.36
.6	.22	.32
.4	.05	.3
.8	.35	.38
.6	.18	.36
.8	.33	.4
.8	.47	.27
.6	.42	.13
.4	.35	.01
.2	.26	-.09
0	.15	-.17
-.2	.02	-.23
-.4	-.13	-.27
-.6	-.3	-.29
.8	.45	.21
.6	.38	.09
.4	.29	-.01
.2	.18	-.09
0	.05	-.15
-.2	-.1	-.19
-.4	-.27	-.21
.8	.43	.23
.6	.34	.13
.4	.23	.05
.2	.1	-.01
0	-.05	-.05
-.2	-.22	-.07
.8	.41	.25
.6	.3	.17
.4	.17	.11
.2	.02	.07
0	-.15	.05
.8	.39	.27
.6	.26	.21
.4	.11	.17
.2	-.06	.15
.8	.37	.29
.6	.22	.25
.4	.05	.23
.8	.35	.31
.6	.18	.29
.8	.33	.33
.8	.47	.22
.6	.42	.14
.4	.35	.06
.2	.26	-.04
0	.15	-.12
-.2	.02	-.18
-.4	-.13	-.22
-.6	-.3	-.24
.8	.45	.18
.6	.38	.1
.4	.29	0
.2	.18	-.08
0	.05	-.14
-.2	-.1	-.18
-.4	-.27	-.2
.8	.43	.18
.6	.34	.08
.4	.23	0
.2	.1	-.06
0	-.05	-.1
-.2	-.22	-.12
.8	.41	.16
.6	.3	.08
.4	.17	.02
.2	.02	-.02
0	-.15	-.04
.8	.39	.18
.6	.26	.12
.4	.11	.08
.2	-.06	.06
.8	.37	.2
.6	.22	.16
.4	.05	.14
.8	.35	.22
.6	.18	.2
.8	.33	.24
.8	.47	.15
.6	.42	.13
.4	.35	.09
.2	.26	.03
0	.15	-.05
-.2	.02	-.11
-.4	-.13	-.15
-.6	-.3	-.17
.8	.45	.13
.6	.38	.09
.4	.29	.03
.2	.18	-.05
0	.05	-.11
-.2	-.1	-.15
-.4	-.27	-.17
.8	.43	.11
.6	.34	.05
.4	.23	-.03
.2	.1	-.09
0	-.05	-.13
-.2	-.22	-.15
.8	.41	.09
.6	.3	.01
.4	.17	-.05
.2	.02	-.09
0	-.15	-.11
.8	.39	.07
.6	.26	.01
.4	.11	-.03
.2	-.06	-.05
.8	.37	.09
.6	.22	.05
.4	.05	.03
.8	.35	.11
.6	.18	.09
.8	.33	.13
.8	.47	.06
.6	.42	.1
.4	.35	.1
.2	.26	.08
0	.15	.04
-.2	.02	-.02
-.4	-.13	-.06
-.6	-.3	-.08
.8	.45	.06
.6	.38	.06
.4	.29	.04
.2	.18	0
0	.05	-.06
-.2	-.1	-.1
-.4	-.27	-.12
.8	.43	.02
.6	.34	0
.4	.23	-.04
.2	.1	-.1
0	-.05	-.14
-.2	-.22	-.16
.8	.41	0
.6	.3	-.04
.4	.17	-.1
.2	.02	-.14
0	-.15	-.16
.8	.39	-.02
.6	.26	-.08
.4	.11	-.12
.2	-.06	-.14
.8	.37	-.04
.6	.22	-.08
.4	.05	-.1
.8	.35	-.02
.6	.18	-.04
.8	.33	0
.8	.47	-.05
.6	.42	.05
.4	.35	.09
.2	.26	.11
0	.15	.11
-.2	.02	.09
-.4	-.13	.05
-.6	-.3	.03
.8	.45	-.03
.6	.38	.01
.4	.29	.03
.2	.18	.03
0	.05	.01
-.2	-.1	-.03
-.4	-.27	-.05
.8	.43	-.09
.6	.34	-.07
.4	.23	-.07
.2	.1	-.09
0	-.05	-.13
-.2	-.22	-.15
.8	.41	-.11
.6	.3	-.11
.4	.17	-.13
.2	.02	-.17
0	-.15	-.19
.8	.39	-.13
.6	.26	-.15
.4	.11	-.19
.2	-.06	-.21
.8	.37	-.15
.6	.22	-.19
.4	.05	-.21
.8	.35	-.17
.6	.18	-.19
.8	.33	-.15
.8	.47	-.18
.6	.42	-.02
.4	.35	.06
.2	.26	.12
0	.15	.16
-.2	.02	.18
-.4	-.13	.18
-.6	-.3	.16
.8	.45	-.14
.6	.38	-.06
.4	.29	0
.2	.18	.04
0	.05	.06
-.2	-.1	.06
-.4	-.27	.04
.8	.43	-.22
.6	.34	-.16
.4	.23	-.12
.2	.1	-.1
0	-.05	-.1
-.2	-.22	-.12
.8	.41	-.24
.6	.3	-.2
.4	.17	-.18
.2	.02	-.18
0	-.15	-.2
.8	.39	-.26
.6	.26	-.24
.4	.11	-.24
.2	-.06	-.26
.8	.37	-.28
.6	.22	-.28
.4	.05	-.3
.8	.35	-.3
.6	.18	-.32
.8	.33	-.32
.8	.47	.33
.6	.42	.11
.4	.35	-.01
.2	.26	-.11
0	.15	-.19
-.2	.02	-.25
-.4	-.13	-.29
-.6	-.3	-.31
.8	.45	.23
.6	.38	.11
.4	.29	.01
.2	.18	-.07
0	.05	-.13
-.2	-.1	-.17
-.4	-.27	-.19
.8	.43	.33
.6	.34	.23
.4	.23	.15
.2	.1	.09
0	-.05	.05
-.2	-.22	.03
.8	.41	.35
.6	.3	.27
.4	.17	.21
.2	.02	.17
0	-.15	.15
.8	.39	.37
.6	.26	.31
.4	.11	.27
.2	-.06	.25
.8	.37	.39
.6	.22	.35
.4	.05	.33
.8	.35	.41
.6	.18	.39
.8	.33	.43
.8	.47	.3
.6	.42	.14
.4	.35	.02
.2	.26	-.08
0	.15	-.16
-.2	.02	-.22
-.4	-.13	-.26
-.6	-.3	-.28
.8	.45	.22
.6	.38	.1
.4	.29	0
.2	.18	-.08
0	.05	-.14
-.2	-.1	-.18
-.4	-.27	-.2
.8	.43	.26
.6	.34	.16
.4	.23	.08
.2	.1	.02
0	-.05	-.02
-.2	-.22	-.04
.8	.41	.28
.6	.3	.2
.4	.17	.14
.2	.02	.1
0	-.15	.08
.8	.39	.3
.6	.26	.24
.4	.11	.2
.2	-.06	.18
.8	.37	.32
.6	.22	.28
.4	.05	.26
.8	.35	.34
.6	.18	.32
.8	.33	.36
.8	.47	.25
.6	.42	.15
.4	.35	.07
.2	.26	-.03
0	.15	-.11
-.2	.02	-.17
-.4	-.13	-.21
-.6	-.3	-.23
.8	.45	.19
.6	.38	.11
.4	.29	.01
.2	.18	-.07
0	.05	-.13
-.2	-.1	-.17
-.4	-.27	-.19
.8	.43	.21
.6	.34	.11
.4	.23	.03
.2	.1	-.03
0	-.05	-.07
-.2	-.22	-.09
.8	.41	.19
.6	.3	.11
.4	.17	.05
.2	.02	.01
0	-.15	-.01
.8	.39	.21
.6	.26	.15
.4	.11	.11
.2	-.06	.09
.8	.37	.23
.6	.22	.19
.4	.05	.17
.8	.35	.25
.6	.18	.23
.8	.33	.27
.8	.47	.18
.6	.42	.14
.4	.35	.1
.2	.26	.04
0	.15	-.04
-.2	.02	-.1
-.4	-.13	-.14
-.6	-.3	-.16
.8	.45	.14
.6	.38	.1
.4	.29	.04
.2	.18	-.04
0	.05	-.1
-.2	-.1	-.14
-.4	-.27	-.16
.8	.43	.14
.6	.34	.08
.4	.23	0
.2	.1	-.06
0	-.05	-.1
-.2	-.22	-.12
.8	.41	.12
.6	.3	.04
.4	.17	-.02
.2	.02	-.06
0	-.15	-.08
.8	.39	.1
.6	.26	.04
.4	.11	0
.2	-.06	-.02
.8	.37	.12
.6	.22	.08
.4	.05	.06
.8	.35	.14
.6	.18	.12
.8	.33	.16
.8	.47	.09
.6	.42	.11
.4	.35	.11
.2	.26	.09
0	.15	.05
-.2	.02	-.01
-.4	-.13	-.05
-.6	-.3	-.07
.8	.45	.07
.6	.38	.07
.4	.29	.05
.2	.18	.01
0	.05	-.05
-.2	-.1	-.09
-.4	-.27	-.11
.8	.43	.05
.6	.34	.03
.4	.23	-.01
.2	.1	-.07
0	-.05	-.11
-.2	-.22	-.13
.8	.41	.03
.6	.3	-.01
.4	.17	-.07
.2	.02	-.11
0	-.15	-.13
.8	.39	.01
.6	.26	-.05
.4	.11	-.09
.2	-.06	-.11
.8	.37	-.01
.6	.22	-.05
.4	.05	-.07
.8	.35	.01
.6	.18	-.01
.8	.33	.03
.8	.47	-.02
.6	.42	.06
.4	.35	.1
.2	.26	.12
0	.15	.12
-.2	.02	.1
-.4	-.13	.06
-.6	-.3	.04
.8	.45	-.02
.6	.38	.02
.4	.29	.04
.2	.18	.04
0	.05	.02
-.2	-.1	-.02
-.4	-.27	-.04
.8	.43	-.06
.6	.34	-.04
.4	.23	-.04
.2	.1	-.06
0	-.05	-.1
-.2	-.22	-.12
.8	.41	-.08
.6	.3	-.08
.4	.17	-.1
.2	.02	-.14
0	-.15	-.16
.8	.39	-.1
.6	.26	-.12
.4	.11	-.16
.2	-.06	-.18
.8	.37	-.12
.6	.22	-.16
.4	.05	-.18
.8	.35	-.14
.6	.18	-.16
.8	.33	-.12
.8	.47	-.15
.6	.42	-.01
.4	.35	.07
.2	.26	.13
0	.15	.17
-.2	.02	.19
-.4	-.13	.19
-.6	-.3	.17
.8	.45	-.13
.6	.38	-.05
.4	.29	.01
.2	.18	.05
0	.05	.07
-.2	-.1	.07
-.4	-.27	.05
.8	.43	-.19
.6	.34	-.13
.4	.23	-.09
.2	.1	-.07
0	-.05	-.07
-.2	-.22	-.09
.8	.41	-.21
.6	.3	-.17
.4	.17	-.15
.2	.02	-.15
0	-.15	-.17
.8	.39	-.23
.6	.26	-.21
.4	.11	-.21
.2	-.06	-.23
.8	.37	-.25
.6	.22	-.25
.4	.05	-.27
.8	.35	-.27
.6	.18	-.29
.8	.33	-.29
.8	.47	.31
.6	.42	.13
.4	.35	.01
.2	.26	-.09
0	.15	-.17
-.2	.02	-.23
-.4	-.13	-.27
-.6	-.3	-.29
.8	.45	.25
.6	.38	.13
.4	.29	.03
.2	.18	-.05
0	.05	-.11
-.2	-.1	-.15
-.4	-.27	-.17
.8	.43	.31
.6	.34	.21
.4	.23	.13
.2	.1	.07
0	-.05	.03
-.2	-.22	.01
.8	.41	.33
.6	.3	.25
.4	.17	.19
.2	.02	.15
0	-.15	.13
.8	.39	.35
.6	.26	.29
.4	.11	.25
.2	-.06	.23
.8	.37	.37
.6	.22	.33
.4	.05	.31
.8	.35	.39
.6	.18	.37
.8	.33	.41
.8	.47	.26
.6	.42	.14
.4	.35	.06
.2	.26	-.04
0	.15	-.12
-.2	.02	-.18
-.4	-.13	-.22
-.6	-.3	-.24
.8	.45	.22
.6	.38	.14
.4	.29	.04
.2	.18	-.04
0	.05	-.1
-.2	-.1	-.14
-.4	-.27	-.16
.8	.43	.26
.6	.34	.16
.4	.23	.08
.2	.1	.02
0	-.05	-.02
-.2	-.22	-.04
.8	.41	.24
.6	.3	.16
.4	.17	.1
.2	.02	.06
0	-.15	.04
.8	.39	.26
.6	.26	.2
.4	.11	.16
.2	-.06	.14
.8	.37	.28
.6	.22	.24
.4	.05	.22
.8	.35	.3
.6	.18	.28
.8	.33	.32
.8	.47	.19
.6	.42	.13
.4	.35	.09
.2	.26	.03
0	.15	-.05
-.2	.02	-.11
-.4	-.13	-.15
-.6	-.3	-.17
.8	.45	.17
.6	.38	.13
.4	.29	.07
.2	.18	-.01
0	.05	-.07
-.2	-.1	-.11
-.4	-.27	-.13
.8	.43	.19
.6	.34	.13
.4	.23	.05
.2	.1	-.01
0	-.05	-.05
-.2	-.22	-.07
.8	.41	.17
.6	.3	.09
.4	.17	.03
.2	.02	-.01
0	-.15	-.03
.8	.39	.15
.6	.26	.09
.4	.11	.05
.2	-.06	.03
.8	.37	.17
.6	.22	.13
.4	.05	.11
.8	.35	.19
.6	.18	.17
.8	.33	.21
.8	.47	.1
.6	.42	.1
.4	.35	.1
.2	.26	.08
0	.15	.04
-.2	.02	-.02
-.4	-.13	-.06
-.6	-.3	-.08
.8	.45	.1
.6	.38	.1
.4	.29	.08
.2	.18	.04
0	.05	-.02
-.2	-.1	-.06
-.4	-.27	-.08
.8	.43	.1
.6	.34	.08
.4	.23	.04
.2	.1	-.02
0	-.05	-.06
-.2	-.22	-.08
.8	.41	.08
.6	.3	.04
.4	.17	-.02
.2	.02	-.06
0	-.15	-.08
.8	.39	.06
.6	.26	0
.4	.11	-.04
.2	-.06	-.06
.8	.37	.04
.6	.22	0
.4	.05	-.02
.8	.35	.06
.6	.18	.04
.8	.33	.08
.8	.47	-.01
.6	.42	.05
.4	.35	.09
.2	.26	.11
0	.15	.11
-.2	.02	.09
-.4	-.13	.05
-.6	-.3	.03
.8	.45	.01
.6	.38	.05
.4	.29	.07
.2	.18	.07
0	.05	.05
-.2	-.1	.01
-.4	-.27	-.01
.8	.43	-.01
.6	.34	.01
.4	.23	.01
.2	.1	-.01
0	-.05	-.05
-.2	-.22	-.07
.8	.41	-.03
.6	.3	-.03
.4	.17	-.05
.2	.02	-.09
0	-.15	-.11
.8	.39	-.05
.6	.26	-.07
.4	.11	-.11
.2	-.06	-.13
.8	.37	-.07
.6	.22	-.11
.4	.05	-.13
.8	.35	-.09
.6	.18	-.11
.8	.33	-.07
.8	.47	-.14
.6	.42	-.02
.4	.35	.06
.2	.26	.12
0	.15	.16
-.2	.02	.18
-.4	-.13	.18
-.6	-.3	.16
.8	.45	-.1
.6	.38	-.02
.4	.29	.04
.2	.18	.08
0	.05	.1
-.2	-.1	.1
-.4	-.27	.08
.8	.43	-.14
.6	.34	-.08
.4	.23	-.04
.2	.1	-.02
0	-.05	-.02
-.2	-.22	-.04
.8	.41	-.16
.6	.3	-.12
.4	.17	-.1
.2	.02	-.1
0	-.15	-.12
.8	.39	-.18
.6	.26	-.16
.4	.11	-.16
.2	-.06	-.18
.8	.37	-.2
.6	.22	-.2
.4	.05	-.22
.8	.35	-.22
.6	.18	-.24
.8	.33	-.24
.8	.47	.29
.6	.42	.11
.4	.35	.03
.2	.26	-.07
0	.15	-.15
-.2	.02	-.21
-.4	-.13	-.25
-.6	-.3	-.27
.8	.45	.23
.6	.38	.15
.4	.29	.05
.2	.18	-.03
0	.05	-.09
-.2	-.1	-.13
-.4	-.27	-.15
.8	.43	.33
.6	.34	.23
.4	.23	.15
.2	.1	.09
0	-.05	.05
-.2	-.22	.03
.8	.41	.31
.6	.3	.23
.4	.17	.17
.2	.02	.13
0	-.15	.11
.8	.39	.33
.6	.26	.27
.4	.11	.23
.2	-.06	.21
.8	.37	.35
.6	.22	.31
.4	.05	.29
.8	.35	.37
.6	.18	.35
.8	.33	.39
.8	.47	.22
.6	.42	.1
.4	.35	.06
.2	.26	0
0	.15	-.08
-.2	.02	-.14
-.4	-.13	-.18
-.6	-.3	-.2
.8	.45	.18
.6	.38	.14
.4	.29	.08
.2	.18	0
0	.05	-.06
-.2	-.1	-.1
-.4	-.27	-.12
.8	.43	.26
.6	.34	.2
.4	.23	.12
.2	.1	.06
0	-.05	.02
-.2	-.22	0
.8	.41	.24
.6	.3	.16
.4	.17	.1
.2	.02	.06
0	-.15	.04
.8	.39	.22
.6	.26	.16
.4	.11	.12
.2	-.06	.1
.8	.37	.24
.6	.22	.2
.4	.05	.18
.8	.35	.26
.6	.18	.24
.8	.33	.28
.8	.47	.13
.6	.42	.07
.4	.35	.07
.2	.26	.05
0	.15	.01
-.2	.02	-.05
-.4	-.13	-.09
-.6	-.3	-.11
.8	.45	.11
.6	.38	.11
.4	.29	.09
.2	.18	.05
0	.05	-.01
-.2	-.1	-.05
-.4	-.27	-.07
.8	.43	.17
.6	.34	.15
.4	.23	.11
.2	.1	.05
0	-.05	.01
-.2	-.22	-.01
.8	.41	.15
.6	.3	.11
.4	.17	.05
.2	.02	.01
0	-.15	-.01
.8	.39	.13
.6	.26	.07
.4	.11	.03
.2	-.06	.01
.8	.37	.11
.6	.22	.07
.4	.05	.05
.8	.35	.13
.6	.18	.11
.8	.33	.15
.8	.47	.02
.6	.42	.02
.4	.35	.06
.2	.26	.08
0	.15	.08
-.2	.02	.06
-.4	-.13	.02
-.6	-.3	0
.8	.45	.02
.6	.38	.06
.4	.29	.08
.2	.18	.08
0	.05	.06
-.2	-.1	.02
-.4	-.27	0
.8	.43	.06
.6	.34	.08
.4	.23	.08
.2	.1	.06
0	-.05	.02
-.2	-.22	0
.8	.41	.04
.6	.3	.04
.4	.17	.02
.2	.02	-.02
0	-.15	-.04
.8	.39	.02
.6	.26	0
.4	.11	-.04
.2	-.06	-.06
.8	.37	0
.6	.22	-.04
.4	.05	-.06
.8	.35	-.02
.6	.18	-.04
.8	.33	0
.8	.47	-.11
.6	.42	-.05
.4	.35	.03
.2	.26	.09
0	.15	.13
-.2	.02	.15
-.4	-.13	.15
-.6	-.3	.13
.8	.45	-.09
.6	.38	-.01
.4	.29	.05
.2	.18	.09
0	.05	.11
-.2	-.1	.11
-.4	-.27	.09
.8	.43	-.07
.6	.34	-.01
.4	.23	.03
.2	.1	.05
0	-.05	.05
-.2	-.22	.03
.8	.41	-.09
.6	.3	-.05
.4	.17	-.03
.2	.02	-.03
0	-.15	-.05
.8	.39	-.11
.6	.26	-.09
.4	.11	-.09
.2	-.06	-.11
.8	.37	-.13
.6	.22	-.13
.4	.05	-.15
.8	.35	-.15
.6	.18	-.17
.8	.33	-.17
.8	.47	.27
.6	.42	.09
.4	.35	.01
.2	.26	-.05
0	.15	-.13
-.2	.02	-.19
-.4	-.13	-.23
-.6	-.3	-.25
.8	.45	.21
.6	.38	.13
.4	.29	.07
.2	.18	-.01
0	.05	-.07
-.2	-.1	-.11
-.4	-.27	-.13
.8	.43	.31
.6	.34	.25
.4	.23	.17
.2	.1	.11
0	-.05	.07
-.2	-.22	.05
.8	.41	.33
.6	.3	.25
.4	.17	.19
.2	.02	.15
0	-.15	.13
.8	.39	.31
.6	.26	.25
.4	.11	.21
.2	-.06	.19
.8	.37	.33
.6	.22	.29
.4	.05	.27
.8	.35	.35
.6	.18	.33
.8	.33	.37
.8	.47	.18
.6	.42	.06
.4	.35	.02
.2	.26	0
0	.15	-.04
-.2	.02	-.1
-.4	-.13	-.14
-.6	-.3	-.16
.8	.45	.14
.6	.38	.1
.4	.29	.08
.2	.18	.04
0	.05	-.02
-.2	-.1	-.06
-.4	-.27	-.08
.8	.43	.22
.6	.34	.2
.4	.23	.16
.2	.1	.1
0	-.05	.06
-.2	-.22	.04
.8	.41	.24
.6	.3	.2
.4	.17	.14
.2	.02	.1
0	-.15	.08
.8	.39	.22
.6	.26	.16
.4	.11	.12
.2	-.06	.1
.8	.37	.2
.6	.22	.16
.4	.05	.14
.8	.35	.22
.6	.18	.2
.8	.33	.24
.8	.47	.07
.6	.42	.01
.4	.35	.01
.2	.26	.03
0	.15	.03
-.2	.02	.01
-.4	-.13	-.03
-.6	-.3	-.05
.8	.45	.05
.6	.38	.05
.4	.29	.07
.2	.18	.07
0	.05	.05
-.2	-.1	.01
-.4	-.27	-.01
.8	.43	.11
.6	.34	.13
.4	.23	.13
.2	.1	.11
0	-.05	.07
-.2	-.22	.05
.8	.41	.13
.6	.3	.13
.4	.17	.11
.2	.02	.07
0	-.15	.05
.8	.39	.11
.6	.26	.09
.4	.11	.05
.2	-.06	.03
.8	.37	.09
.6	.22	.05
.4	.05	.03
.8	.35	.07
.6	.18	.05
.8	.33	.09
.8	.47	-.06
.6	.42	-.06
.4	.35	-.02
.2	.26	.04
0	.15	.08
-.2	.02	.1
-.4	-.13	.1
-.6	-.3	.08
.8	.45	-.06
.6	.38	-.02
.4	.29	.04
.2	.18	.08
0	.05	.1
-.2	-.1	.1
-.4	-.27	.08
.8	.43	-.02
.6	.34	.04
.4	.23	.08
.2	.1	.1
0	-.05	.1
-.2	-.22	.08
.8	.41	0
.6	.3	.04
.4	.17	.06
.2	.02	.06
0	-.15	.04
.8	.39	-.02
.6	.26	0
.4	.11	0
.2	-.06	-.02
.8	.37	-.04
.6	.22	-.04
.4	.05	-.06
.8	.35	-.06
.6	.18	-.08
.8	.33	-.08
.8	.47	.25
.6	.42	.07
.4	.35	-.01
.2	.26	-.07
0	.15	-.11
-.2	.02	-.17
-.4	-.13	-.21
-.6	-.3	-.23
.8	.45	.19
.6	.38	.11
.4	.29	.05
.2	.18	.01
0	.05	-.05
-.2	-.1	-.09
-.4	-.27	-.11
.8	.43	.29
.6	.34	.23
.4	.23	.19
.2	.1	.13
0	-.05	.09
-.2	-.22	.07
.8	.41	.31
.6	.3	.27
.4	.17	.21
.2	.02	.17
0	-.15	.15
.8	.39	.33
.6	.26	.27
.4	.11	.23
.2	-.06	.21
.8	.37	.31
.6	.22	.27
.4	.05	.25
.8	.35	.33
.6	.18	.31
.8	.33	.35
.8	.47	.14
.6	.42	.02
.4	.35	-.02
.2	.26	-.04
0	.15	-.04
-.2	.02	-.06
-.4	-.13	-.1
-.6	-.3	-.12
.8	.45	.1
.6	.38	.06
.4	.29	.04
.2	.18	.04
0	.05	.02
-.2	-.1	-.02
-.4	-.27	-.04
.8	.43	.18
.6	.34	.16
.4	.23	.16
.2	.1	.14
0	-.05	.1
-.2	-.22	.08
.8	.41	.2
.6	.3	.2
.4	.17	.18
.2	.02	.14
0	-.15	.12
.8	.39	.22
.6	.26	.2
.4	.11	.16
.2	-.06	.14
.8	.37	.2
.6	.22	.16
.4	.05	.14
.8	.35	.18
.6	.18	.16
.8	.33	.2
.8	.47	.01
.6	.42	-.05
.4	.35	-.05
.2	.26	-.03
0	.15	.01
-.2	.02	.03
-.4	-.13	.03
-.6	-.3	.01
.8	.45	-.01
.6	.38	-.01
.4	.29	.01
.2	.18	.05
0	.05	.07
-.2	-.1	.07
-.4	-.27	.05
.8	.43	.05
.6	.34	.07
.4	.23	.11
.2	.1	.13
0	-.05	.13
-.2	-.22	.11
.8	.41	.07
.6	.3	.11
.4	.17	.13
.2	.02	.13
0	-.15	.11
.8	.39	.09
.6	.26	.11
.4	.11	.11
.2	-.06	.09
.8	.37	.07
.6	.22	.07
.4	.05	.05
.8	.35	.05
.6	.18	.03
.8	.33	.03
.8	.47	.23
.6	.42	.05
.4	.35	-.03
.2	.26	-.09
0	.15	-.13
-.2	.02	-.15
-.4	-.13	-.19
-.6	-.3	-.21
.8	.45	.17
.6	.38	.09
.4	.29	.03
.2	.18	-.01
0	.05	-.03
-.2	-.1	-.07
-.4	-.27	-.09
.8	.43	.27
.6	.34	.21
.4	.23	.17
.2	.1	.15
0	-.05	.11
-.2	-.22	.09
.8	.41	.29
.6	.3	.25
.4	.17	.23
.2	.02	.19
0	-.15	.17
.8	.39	.31
.6	.26	.29
.4	.11	.25
.2	-.06	.23
.8	.37	.33
.6	.22	.29
.4	.05	.27
.8	.35	.31
.6	.18	.29
.8	.33	.33
.8	.47	.1
.6	.42	-.02
.4	.35	-.06
.2	.26	-.08
0	.15	-.08
-.2	.02	-.06
-.4	-.13	-.06
-.6	-.3	-.08
.8	.45	.06
.6	.38	.02
.4	.29	0
.2	.18	0
0	.05	.02
-.2	-.1	.02
-.4	-.27	0
.8	.43	.14
.6	.34	.12
.4	.23	.12
.2	.1	.14
0	-.05	.14
-.2	-.22	.12
.8	.41	.16
.6	.3	.16
.4	.17	.18
.2	.02	.18
0	-.15	.16
.8	.39	.18
.6	.26	.2
.4	.11	.2
.2	-.06	.18
.8	.37	.2
.6	.22	.2
.4	.05	.18
.8	.35	.18
.6	.18	.16
.8	.33	.16
.8	.47	.21
.6	.42	.03
.4	.35	-.05
.2	.26	-.11
0	.15	-.15
-.2	.02	-.17
-.4	-.13	-.17
-.6	-.3	-.19
.8	.45	.15
.6	.38	.07
.4	.29	.01
.2	.18	-.03
0	.05	-.05
-.2	-.1	-.05
-.4	-.27	-.07
.8	.43	.25
.6	.34	.19
.4	.23	.15
.2	.1	.13
0	-.05	.13
-.2	-.22	.11
.8	.41	.27
.6	.3	.23
.4	.17	.21
.2	.02	.21
0	-.15	.19
.8	.39	.29
.6	.26	.27
.4	.11	.27
.2	-.06	.25
.8	.37	.31
.6	.22	.31
.4	.05	.29
.8	.35	.33
.6	.18	.31
.8	.33	.31
