.036	.189592	.079801
-.024	-.18096	-.176661
-.512	-.313456	-.208339
.698	.417403	.019587
.698	.419517	-.196544
.582	.451721	-.245846
.67	.370805	-.055727
.686	.289463	-.126629
-.456	-.313904	-.234213
.332	-.008348	.051588
.982	.485735	.00589
.306	.291453	.256593
.082	.248009	-.00541
.148	-.000124	-.09537
-.364	-.326584	.10852
.194	-.029945	.03835
.662	.319339	-.051004
.622	.193631	-.171371
-.104	-.14032	-.008566
.88	.458	-.422192
.41	.245415	.005086
-.428	-.289684	.102979
.766	.322745	-.269321
.678	.422559	-.047777
-.746	-.466411	.262179
-.682	-.404075	.338755
-.192	-.28076	.094552
.752	.457592	-.181512
.28	.08528	-.067865
.156	.050148	.014847
.232	.325664	-.257932
-.062	-.185521	.165298
.526	.409229	-.308093
.018	.169557	-.07917
-.892	-.419512	-.032027
.908	.453908	.150109
.42	.30512	.288845
-.202	-.203771	-.099317
.014	.001577	-.016979
-.556	-.354244	.193447
-.12	-.19664	-.166158
-.722	-.339475	-.273855
.966	.489511	-.324907
.54	.1136	-.169065
-.632	-.281728	.150053
.462	.069331	-.094928
-.23	-.282895	.282583
.498	.415915	-.022325
.908	.421616	-.176903
-.442	-.115013	.163971
.408	.208736	-.163313
.818	.383065	-.341054
.846	.417841	.356625
.578	.431847	-.334431
.946	.452831	-.386926
-.1	-.0588	.113662
-.028	.07338	-.092676
-.152	-.071392	.062032
.478	.122333	.064417
.154	.125645	.009868
-.296	-.373504	.306871
.01	.060935	.082584
.02	.10996	-.102579
.344	.287456	-.132133
.196	-.119884	-.15173
.148	.047588	-.083127
.282	.294293	-.086751
-.002	-.214927	-.120753
.832	.391304	-.243305
-.728	-.30352	-.003457
.436	.242252	.202096
.862	.391325	-.16445
.728	.473072	-.453425
.388	.296816	-.113336
-.15	-.007725	.130882
.922	.491771	.073394
.672	.210376	-.081032
.44	.31408	-.17296
.408	.063104	-.068971
.668	.349272	-.347612
.814	.431273	-.164921
.29	.349835	-.04962
-.096	-.060056	-.006872
.672	.382904	-.045197
.812	.475936	-.3706
.488	.17744	-.051908
-.578	-.177751	.202391
.072	-.069792	.003033
.702	.225095	-.016094
.502	.275153	-.058515
.86	.47018	-.419588
-.506	-.217609	.209041
.92	.48368	.285928
-.3	-.1695	.199554
.916	.433724	-.109052
.478	.340529	.187829
-.244	.047184	.133241
.772	.33812	-.246065
-.424	-.33304	.326048
-.144	-.185256	.203056
.72	.34432	-.16276
-.424	-.284624	-.010683
.6	.2696	-.1552
.222	.246761	-.120301
.258	-.008641	-.025669
.898	.479039	-.368474
-.234	.090929	.055726
.812	.321588	-.149588
.044	-.007636	-.014851
-.778	-.380999	-.37736
.608	.26088	.064871
.982	.499595	-.457355
-.066	.087991	-.049211
-.308	.019964	.098655
-.236	-.08092	.011197
.994	.497153	-.349283
.71	.423295	-.373972
.736	.400736	-.184511
.088	-.076384	.012309
-.352	-.21656	.224615
.76	.4376	.300975
.304	.16244	-.044768
-.174	-.046497	.073966
.492	.293752	.21604
.076	.226496	-.097823
-.65	-.370375	.326331
.592	.446144	.229443
.662	.200701	-.14848
.118	-.131953	-.145832
.956	.493356	-.204892
-.39	-.199865	-.176459
-.514	-.097273	.115885
.684	.244672	-.066256
.486	.168727	-.061686
.146	.052077	-.030968
.928	.460544	-.234104
.734	.391605	-.33588
.948	.449612	-.191535
.9	.449	.231977
.504	.419648	.072148
.582	.362687	-.18775
-.632	-.409024	.343876
.382	.281537	-.11133
.356	.122616	-.050249
-.44	-.40288	-.174833
.348	.279624	-.190973
.594	.440115	.151387
.91	.450635	-.374771
.172	-.06718	.051516
.472	.176864	-.149059
.898	.418349	-.191639
.676	.460472	-.364088
.682	.361193	-.333865
.132	.025204	.035931
.51	.209675	.085934
-.018	-.179515	.011123
.116	.109272	-.06364
-.888	-.48176	.418305
.76	.4388	-.423432
.07	.212165	.195074
.306	.365711	-.247663
.276	.360992	-.022248
.54	.25206	-.163785
-.406	-.103877	-.036739
.362	.326783	-.237962
-.098	-.203269	-.123986
.31	.162935	-.14885
.134	-.046013	-.092731
-.526	-.082169	-.005106
-.416	-.308536	.0502
.664	.274208	-.171687
-.058	-.213621	.104226
-.112	.169736	-.123248
.466	.072533	-.121466
.298	.255353	-.133785
-.244	-.074728	.14591
-.396	-.057004	.050536
.694	.350519	-.277523
.504	.368064	-.367415
.028	-.158044	.079925
.466	.322979	-.057186
.608	.260488	.025548
-.122	-.117661	.115103
.206	-.064137	-.093613
.944	.498264	-.324139
.652	.258488	-.142592
.978	.491519	-.375668
.494	.259397	-.145953
.428	.017232	-.08531
-.1	.1062	-.0858
.388	.318236	-.184794
-.006	.115205	-.055606
.036	-.168052	-.011459
.962	.494129	-.181154
-.324	.045868	-.085388
.826	.386465	.187837
.886	.413075	-.27249
.314	.129217	-.115861
-.07	-.030185	.016028
.964	.47174	.459367
.816	.400824	-.215399
.938	.467171	.375567
.54	.11314	-.095955
-.558	-.192531	.114574
-.268	-.092156	.090336
.742	.461945	.159949
.238	.021083	-.023661
-.148	-.232424	.221066
.792	.459232	.174368
-.262	-.131631	.126647
.852	.421116	-.284708
.83	.462175	.120674
-.55	-.347075	-.319654
.52	.40496	-.343409
.082	.035951	.069022
.596	.44748	-.406629
.79	.323915	-.084919
-.102	-.120977	.050257
.608	.238536	-.023317
.462	.403429	-.344629
.362	.082429	-.018574
.44	.12088	-.025288
.462	.090313	-.108358
-.248	.101888	-.074357
.382	.040517	-.094947
-.762	-.362499	-.059869
-.118	.160687	.078841
-.094	.100143	.026466
-.14	.1466	.07065
.656	.359648	-.124613
.562	.179603	-.171176
-.656	-.304816	.302317
-.626	-.295927	.295663
-.446	-.115273	.098456
.554	.138517	-.027029
-.194	-.197893	-.116738
.484	.376676	-.054809
.566	.145639	.010478
.562	.370571	-.237162
.61	.413225	.376285
.944	.482304	.302057
.056	-.091888	.027313
.818	.394895	-.021725
.376	.13808	.110779
-.538	-.249775	.12918
-.422	-.386617	.25429
.978	.491387	-.468098
.15	.029525	.069099
-.208	-.08588	.074841
-.272	-.054592	.169691
-.292	-.006464	-.019051
.082	.035033	-.043293
.734	.330691	.083807
.306	.340033	.004514
.778	.379787	.025699
.668	.342964	-.023331
.998	.499643	.179248
-.498	-.209303	.027836
.556	.281108	-.19394
.514	.076451	-.081211
-.348	-.215788	.202188
.12	.18672	.08412
.834	.350185	-.348358
.372	.25508	.08116
.654	.239981	.015777
-.088	-.226784	.104859
.28	.13352	-.013435
-.056	-.071296	.074885
.502	.275651	-.216582
.74	.39756	.006564
.842	.460579	.259199
.42	.40314	-.040152
.468	.206868	-.114601
.56	.38428	-.358117
-.062	.137327	-.015519
-.02	.092	-.065736
.19	.055715	-.04504
-.194	-.070135	-.062385
-.04	-.2072	-.086558
.206	-.076047	.075904
-.232	-.116	-.093391
.382	.282773	-.229949
-.148	.08672	-.081295
.062	.018337	-.081375
.95	.495375	.173586
.372	.158368	-.117965
-.004	.232936	-.218239
.346	.350561	-.300848
.384	.21664	.003976
-.176	.104864	.018718
.072	.262432	-.148417
.66	.37692	.353315
-.242	-.276871	.258802
-.31	-.092775	-.015641
.174	.157623	-.140555
.406	.159341	-.14387
.626	.274665	-.069691
.036	-.02056	-.062404
-.278	-.324949	-.061755
.666	.313461	-.128101
-.266	-.228583	.098983
.092	.189464	-.156288
.868	.435452	-.180924
.286	.336851	-.312011
.334	.336497	.049374
-.634	-.312915	.313072
-.06	-.02894	.008381
.952	.480032	.419104
-.076	-.282252	.209501
.312	.325936	.035166
-.502	-.227719	.057175
.5	.2995	.077148
.64	.34016	-.041225
-.204	-.133304	-.029421
.616	.212	-.169184
.816	.450688	-.190384
.29	.117665	-.01038
.302	.288157	.054118
-.61	-.358935	.303815
.96	.47004	-.300584
-.39	-.298555	.194106
.51	.206245	-.100142
.136	.027392	-.070122
-.316	-.029032	-.153496
.858	.490699	-.427846
.724	.271472	-.272032
.284	-.077812	-.132899
-.58	-.24734	.030431
-.292	-.248068	.208396
.906	.423907	-.407406
.16	-.01492	-.049745
-.8	-.472	.08824
.112	.0782	.037243
.002	.102297	-.095056
-.744	-.26736	.139915
.858	.492545	-.447489
.604	.350708	-.275468
.442	.046625	-.054761
.568	.439088	.123065
-.412	-.39662	.023569
.334	.347153	-.345833
.524	.310076	-.139688
.22	-.09202	-.080885
.308	-.031456	.023899
.578	.263469	-.26139
.994	.494819	-.175016
-.248	-.122752	-.117688
.85	.379775	-.157085
.576	.183272	-.152587
.626	.260827	-.218194
.962	.498575	-.02012
.858	.451223	-.450614
-.408	-.334944	.2374
.914	.471491	-.431794
.97	.484625	-.371849
-.272	.034448	.016812
-.354	-.076127	.060406
.286	.251171	.029563
.132	.033884	-.084162
.532	.215456	-.197673
.794	.449015	.154584
.274	-.054301	-.053966
.722	.468169	-.45343
-.494	-.412087	.328612
.608	.414152	-.349736
.764	.478288	.23568
.202	.064691	.034651
.732	.442916	-.310756
.876	.474208	-.424015
.558	.298227	-.063375
.996	.499368	-.019833
.478	.348881	-.09941
.538	.110765	.088291
.336	.279552	.053086
-.914	-.452215	.03066
.976	.476648	-.417913
.038	.118567	-.124549
-.142	.018647	-.119935
.684	.331256	-.234114
-.378	-.206225	.022522
-.486	-.251173	-.209882
.346	.153707	-.101051
.812	.33362	.149273
.666	.437041	.113382
.502	.288101	-.237098
-.098	-.033079	-.102138
-.624	-.175584	-.03998
.924	.485104	.087388
.292	.33716	.23111
-.898	-.404397	.319405
.322	.371519	-.277754
-.374	-.058531	.068582
.28	.28832	-.134499
.272	-.003776	-.075604
-.516	-.082144	.059473
.938	.454523	-.415198
.504	.074432	-.047504
-.414	-.398597	.366884
.688	.255704	-.237084
.01	-.106375	.095935
.1	.0293	.08716
.758	.343063	-.271888
.322	.253547	-.147012
.622	.243527	.02281
.702	.440251	.090869
-.124	-.177772	-.031128
.898	.494135	.216289
.842	.410335	-.145005
.284	.315272	-.251927
-.246	-.288095	-.135119
-.394	-.240911	-.16673
.928	.468824	-.227821
.928	.445712	.32992
.648	.281056	-.274688
.542	.263901	.098606
-.06	-.24518	.221924
-.068	-.123712	.160489
-.258	-.147241	.027141
.444	.026844	-.001303
.812	.356744	.21836
-.376	-.035264	.008279
.992	.492608	.188611
.794	.410493	.059702
.246	.277947	.122383
.92	.43848	-.195768
-.094	.137339	.031501
.412	.114272	-.127968
-.628	-.335164	.225021
.814	.443177	.052741
.822	.381719	-.187622
-.046	-.191929	-.039414
.372	.158368	-.093684
.988	.48836	-.051373
.61	.349265	-.141538
.89	.429435	-.412731
.542	.237795	-.184899
.776	.36112	-.354876
-.118	.177457	-.119708
-.21	.075895	.114234
.578	.222535	-.16403
.646	.231845	-.131357
.032	.125384	-.145113
.322	.057605	-.069906
.266	.108411	-.105831
.13	-.165985	-.183338
.102	.109819	.086486
.718	.411875	.168304
-.914	-.469441	.117089
.71	.396325	-.268213
.116	.16408	-.080972
.864	.410512	-.279019
.488	.219936	-.011118
.402	.363955	.230683
.352	.260888	-.155978
.924	.4962	-.486348
.008	.004992	.029752
.654	.272851	-.03104
-.83	-.445195	-.419198
-.73	-.374515	-.212654
.522	.131223	.006156
-.224	.092408	-.081221
.738	.467119	-.358444
.352	.327632	.170368
-.31	-.268315	-.212157
.906	.415071	-.064863
-.336	-.010352	.063677
.398	.190271	.128795
.94	.47306	.13536
.464	.058872	.146184
1	.5	.023296
.114	.119463	.103974
-.35	-.312025	.183013
.628	.278288	-.052153
.816	.392728	.118655
-.506	-.407365	.23032
.874	.479147	-.074667
.526	.086435	-.090947
.34	-.01348	-.019933
.26	.1226	-.095094
.718	.364499	-.193699
.836	.40898	-.052061
.436	.315008	-.196505
-.37	-.184315	.227134
.998	.499081	-.235739
.598	.377993	-.310542
.55	.254975	-.109394
.856	.402368	-.375351
.904	.444224	-.341643
-.864	-.44132	-.128965
.142	-.028099	-.039175
-.088	-.00048	-.136103
.854	.381229	-.329962
.93	.480085	.318601
-.008	-.22072	-.131896
-.228	-.293288	.248963
-.746	-.344191	.222032
-.084	-.121132	.114592
-.062	.158567	.039138
-.218	-.040183	.11841
.888	.42104	.029501
-.582	-.261733	.233794
-.478	-.250085	.275746
.342	-.047127	-.123934
.238	-.029971	-.091578
.048	.1906	.042249
.798	.375265	.004861
.284	.254412	-.227772
.828	.391984	.059028
-.268	-.283624	.270619
-.442	-.065985	.01119
.538	.096443	-.089171
.916	.449768	-.345118
-.798	-.443051	-.022105
-.3	-.3073	.234565
.242	.093333	-.091658
.686	.388687	-.064485
.042	.166137	-.07335
.578	.222957	-.109383
-.558	-.419999	-.250995
.36	.2376	.173569
.426	.356213	.029261
-.302	-.216751	.18075
.746	.459233	.318402
.006	-.228105	.184038
.048	.135384	-.074983
.57	.358315	.090768
.216	.089968	-.05971
.78	.33632	-.173696
-.36	-.26568	.231905
-.31	.005475	.063957
.914	.492647	-.176656
.078	-.030611	-.006629
-.04	-.1292	.124517
.574	.159413	-.026357
.282	-.038859	-.026193
.506	.318949	.131913
.768	.35616	-.039693
.044	-.11184	-.017273
.706	.406949	.181921
.064	-.201064	.00825
.188	.238536	.154344
.54	.0975	-.095524
.908	.497056	-.469496
.106	-.080653	.007168
.128	.026504	.067873
.966	.484105	-.23827
.316	.07934	-.066858
-.052	.191764	-.073336
-.07	.157065	.030685
.438	.165891	-.042342
.958	.493175	-.422775
.868	.374204	-.12278
-.114	-.059785	.085944
.596	.245076	-.139681
.742	.353585	-.009275
-.03	.143105	.068709
.92	.49824	.269397
-.702	-.268453	.243085
-.12	.16848	.117443
.568	.377744	-.320865
.658	.421169	.134175
.748	.3929	-.204989
.252	.232964	-.105291
.112	.151904	.066238
.226	.331655	.210338
.974	.492421	-.175621
-.02	-.19054	-.183675
-.066	-.250997	-.05703
.706	.318161	-.011435
.446	.421609	-.18867
.274	.086543	-.018025
-.124	-.01142	-.096456
.53	.211655	-.199994
.496	.11192	-.099008
.374	.115323	-.112086
-.036	.108392	-.054491
.958	.481163	-.142814
.05	-.134125	-.00433
.38	.34066	-.020357
.27	.229535	.1013
.79	.336305	.01399
-.446	-.084907	.148374
.232	.091424	-.024144
.854	.476129	.305194
.598	.347843	-.298563
.682	.224771	-.215555
.472	.268208	-.123728
-.598	-.243869	.201617
-.126	-.133375	-.128066
-.322	-.143153	.189386
-.016	-.12484	-.028713
.552	.357088	.19296
.844	.366932	.020763
1	.5	-.483876
-.488	-.226144	.083765
-.51	-.156095	-.149493
-.278	-.212485	.207578
-.368	-.123808	.078973
.414	.125839	-.121863
.126	.091405	-.075613
.674	.344335	.251292
-.51	-.343335	.333995
-.428	-.40678	-.135002
.566	.303615	.080192
.962	.477143	.007081
.768	.30048	-.205795
.584	.436352	-.381125
.872	.417312	-.048163
.67	.388295	-.30644
.69	.390105	.098965
.292	-.035248	.011353
.946	.481451	-.31556
.224	.305224	-.242616
.656	.33144	-.090162
.652	.361496	-.192571
.752	.365336	-.245381
.698	.238619	-.110382
.57	.204375	-.025495
.08	.2516	.004544
-.1	-.1721	-.146496
.438	.258621	-.147354
.868	.439412	-.039881
-.736	-.308976	.199617
-.358	-.064249	.157361
-.802	-.322613	.099134
-.018	.009833	.03136
.546	.252797	-.239861
.452	.232028	-.026726
.988	.49898	.074524
.848	.459872	-.416647
.486	.283863	-.237495
.53	.190035	-.125809
.612	.18572	-.056184
.788	.346936	-.275486
.192	-.060752	.031709
.622	.158855	.199545
.994	.495611	-.463254
.926	.472657	-.187412
-.006	-.180559	.10434
.758	.393641	-.069645
-.008	-.151168	.170356
.012	.08504	-.101505
.752	.420144	-.027311
.504	.409232	.292781
-.228	-.165576	.068897
.974	.495775	.133465
.6	.1648	-.088192
.724	.391256	.071675
.098	.248793	-.21637
.278	-.077239	.049138
-.046	-.014109	.028701
.144	.179	-.179481
-.064	-.044768	.005553
-.242	.077099	-.113146
-.128	.051056	-.035761
.86	.40816	.10536
-.386	-.358627	.134899
-.33	-.100495	.151797
.204	.195132	.122258
.814	.447641	.091725
.672	.307792	-.265168
.168	-.077408	-.110483
.98	.49716	.013712
.416	.411232	-.081104
.704	.433696	-.280963
.428	.27692	-.188692
.484	.184724	-.164024
.096	-.10568	-.088947
.066	.009183	-.108455
.734	.420865	.211438
.722	.384491	-.290081
.356	.082688	-.03648
.532	.222944	-.023547
.986	.491915	-.432722
.83	.390605	-.188678
.962	.462437	.014659
.828	.406776	-.233471
-.63	-.353305	.090903
.662	.272357	-.251006
.718	.434435	.001388
.97	.473795	-.223682
.884	.418684	.009591
.612	.198136	-.189016
-.326	-.111949	.055189
.496	.143672	-.130463
.384	.063256	-.034808
.954	.496573	-.434105
-.058	.214869	-.09876
.12	.16736	-.041609
.724	.335504	-.267329
.004	-.160348	.139943
.944	.46668	-.463545
-.316	-.167212	.176587
-.284	-.15484	-.057032
.838	.390245	-.314133
.462	.194685	-.045522
.196	.054584	-.058616
.996	.497776	-.102485
.692	.402056	-.245681
.57	.292955	-.146066
.426	.040513	-.118687
.148	.144716	-.141027
-.752	-.354976	.349909
.956	.496744	-.471145
.73	.455855	-.135955
-.27	-.289305	-.071322
-.718	-.440605	.342208
-.296	-.333328	.081909
.544	.174416	-.098499
.14	.1861	-.173804
.166	.181829	.147393
.91	.417695	.211318
.95	.484725	-.129678
.46	.0383	-.01142
.298	.301685	-.247738
.884	.445364	-.245954
.94	.49862	.113473
.668	.211824	-.065839
.66	.40548	.053158
-.1	-.1039	.095388
.868	.412748	-.227548
-.142	-.064719	.08319
.916	.461948	-.227489
.546	.372199	-.350034
-.686	-.321925	.200022
.486	.313161	-.244248
.838	.411791	.062386
.272	.044272	-.029381
.916	.493868	-.374308
.76	.38312	-.159731
.652	.27728	.096776
-.01	-.204475	-.055853
.52	.20432	-.125508
-.108	.16206	.068763
.958	.467009	-.413288
.248	.061584	-.097873
.7	.269	.037981
.702	.306747	.189435
-.102	.135789	.009913
-.472	-.327264	-.178348
.988	.489008	-.389809
.508	.142316	.022577
.902	.449089	-.399457
.97	.478685	-.200589
.532	.093776	-.058473
.586	.362759	.105763
.254	.146769	.05089
.468	.144092	-.120668
.868	.409316	.31156
.796	.370868	-.114213
-.506	-.298933	.293608
-.644	-.386116	.289796
.814	.419555	-.089405
.936	.440032	-.120464
.708	.462624	-.404864
.71	.310195	-.190977
-.43	-.327255	-.219143
.272	-.069296	-.06223
.946	.471569	.274525
-.456	-.421648	.418548
.944	.493784	.255196
.922	.432257	-.409427
-.43	-.248605	.251917
.618	.455497	.150381
.798	.470609	-.272892
.56	.29584	-.215164
-.756	-.432436	.002387
.714	.249893	-.063917
-.052	-.258492	-.014623
.848	.467776	-.41144
.84	.408	-.268569
-.264	-.231856	.189339
.142	.076577	.06709
.696	.222752	-.053408
-.49	-.071415	-.052325
.678	.320485	-.319377
-.026	-.043267	-.114618
-.246	-.326721	.297116
.89	.468485	.257433
.924	.44908	-.0669
-.01	-.100445	.106445
.852	.417712	.012672
.276	-.038656	.018847
.518	.266953	-.051371
.82	.39164	.043816
.924	.48746	-.232835
.7	.3068	-.295565
.088	-.085504	.085768
-.178	-.075453	.088806
.728	.338976	-.170072
.706	.459281	-.253259
-.106	-.156411	-.054294
.154	-.011407	-.070025
.88	.3902	.208429
-.084	.075072	-.003264
-.006	-.058833	-.065998
.052	-.207208	.035623
-.062	.024755	-.068258
-.068	.139016	-.115481
.208	.047768	.031832
-.112	-.001512	-.053378
.762	.349941	-.179547
.582	.187127	-.116366
.39	.367935	.314532
.064	.20048	.061318
.132	.141516	.108432
.72	.43224	-.20179
.728	.37896	-.206771
-.362	-.035947	-.009692
.558	.116123	-.023387
.62	.2663	-.15587
-.294	-.234345	-.197883
.874	.491747	-.47291
.51	.242505	-.203499
.976	.478088	.006165
.904	.488096	-.18896
.516	.276392	-.267416
.78	.40892	-.12094
-.466	-.370071	.319356
.336	.134136	.042767
-.072	-.144272	.139568
.306	.378897	.20789
-.336	-.369736	-.060514
.99	.493365	-.383295
0	.143	-.07356
-.27	-.191515	.148394
-.264	-.344352	.000882
-.246	-.129853	.087458
.534	.229487	-.080242
.622	.343697	-.176934
.78	.4736	-.417375
.948	.460792	-.44052
.42	.22856	.009562
.852	.437692	-.108628
-.474	-.398403	.293286
-.588	-.401984	.221285
.4	.0446	-.034009
-.288	-.104072	.057272
.174	.292261	.019071
.522	.182847	-.073367
.898	.483323	-.090658
.67	.442745	-.089451
-.168	-.12488	.12488
.094	.035675	-.10333
.994	.499409	-.077681
.904	.46544	-.20936
.5	.1175	.033893
.606	.394605	-.325421
.388	.37454	.131663
.944	.453856	-.068471
.188	-.112248	.049729
-.696	-.334432	.009736
.93	.457265	.139462
.086	.116577	.043663
.972	.482024	.044965
-.142	-.077281	.115894
.712	.290336	-.152908
.722	.408399	.06127
.226	-.116491	-.044726
.556	.358808	-.344488
.974	.489171	-.279374
.234	.248369	-.06248
.382	.382271	.294938
.954	.484061	-.417428
.71	.450845	-.00638
-.272	-.349696	.305743
-.338	-.231217	.096403
-.054	-.206707	-.1645
.17	.052215	-.015192
.508	.201848	-.190472
.506	.126783	.109857
.928	.495968	.110224
-.112	.070768	-.059494
.5	.2515	-.051296
.49	.196805	-.069487
.54	.25896	-.248625
.322	.263717	-.173157
-.328	-.266256	.078911
-.124	-.189012	.046373
.248	.166864	-.002043
.628	.184172	.116622
.908	.465316	-.172403
.402	.399237	-.371664
.848	.442392	-.418796
.458	.268837	.036386
.904	.49232	.448864
.184	-.130768	-.146576
-.08	.12308	-.008415
.636	.32892	-.216563
.054	.079503	-.086974
-.288	-.245752	.250694
.298	.029309	-.020775
.926	.429219	-.116874
.206	.101809	-.080216
-.252	.034256	-.048356
-.476	-.280804	-.282028
.152	-.058832	-.092093
.95	.453575	-.432615
.828	.384244	-.180251
.584	.40848	.056237
-.528	-.091336	.174512
.902	.442425	-.375714
.952	.454784	-.263967
.43	.045425	-.096657
.18	.0613	.060708
.886	.396545	.090271
.99	.494475	-.270378
.29	.317175	-.271143
.868	.444956	-.1272
.308	.327	-.28112
-.532	-.399284	.109539
-.192	-.126992	.113897
.354	.176031	-.067386
-.7	-.2344	-.025393
.416	.238952	.086723
.372	.162764	-.143052
.55	.205025	-.003104
.392	.254976	.214592
-.284	-.207484	.210452
-.438	-.205339	.100674
.722	.287469	-.146767
-.454	-.396391	.164639
.086	.047113	-.060535
.068	-.044288	-.094985
-.018	.158461	-.151509
.716	.378732	.028028
.412	.064292	-.078068
.046	.095027	-.055727
.296	.252192	-.216609
-.336	-.333664	-.096811
.402	.115187	-.078612
.874	.478895	-.06673
-.682	-.227465	-.001615
.976	.478616	.168217
.838	.486635	.038373
-.038	-.132661	.008383
.738	.280051	-.218634
.064	.045104	.048561
.552	.352608	-.328983
.946	.478643	-.00359
.316	.08618	-.005733
.758	.305311	-.289786
.332	.12258	-.103336
-.048	.115384	.048559
.654	.429935	-.414447
.652	.3782	.074533
.754	.431243	-.036646
.276	.172028	-.115037
.406	.144491	-.032798
-.42	-.30088	-.165005
.7	.4637	-.39134
-.71	-.301135	.023735
.77	.285065	.124391
.246	-.033455	.040718
.102	.060429	-.091135
.94	.45494	.379441
-.44	-.33376	.299875
.468	.274964	.238983
.262	.098897	-.074174
.642	.399223	.17069
.502	.433517	.325351
-.222	-.331571	.271472
.674	.227301	-.163301
.098	-.060593	-.092482
.894	.482033	-.287384
.97	.478535	-.187378
.956	.478352	-.104132
-.208	-.15232	.15826
.366	.242279	.061498
-.29	-.340435	.153887
.446	.363993	-.357385
.42	.2071	.113311
.16	.11612	.042929
.478	.149999	-.005414
.592	.280904	-.003503
-.032	.10268	-.095497
.91	.414455	-.33974
.94	.44582	-.03185
.904	.466304	.151408
.954	.470537	-.281929
.678	.326925	.194841
.772	.479708	-.335713
-.348	-.28184	.223184
.714	.313671	-.229468
.87	.380725	.361306
-.27	-.082295	-.106514
.014	-.138435	-.103118
.784	.351824	-.235467
-.82	-.4555	.2707
.364	.00074	-.000616
.502	.373757	-.247853
-.13	-.266705	.030681
.634	.419297	-.028866
.786	.413651	-.329595
.948	.478836	.208132
.23	.113845	.044257
-.632	-.360064	.211447
-.79	-.472865	.379393
-.952	-.468192	.329284
.726	.417663	-.173663
