0	0	0
.8	.47	.31
.8	.47	.09
.8	.47	-.03
.8	.47	-.13
.8	.47	-.21
.8	.47	-.27
.8	.47	-.31
.8	.47	-.33
.8	.47	.25
.8	.47	.13
.8	.47	.03
.8	.47	-.05
.8	.47	-.11
.8	.47	-.15
.8	.47	-.17
.8	.47	.35
.8	.47	.25
.8	.47	.17
.8	.47	.11
.8	.47	.07
.8	.47	.05
.8	.47	.37
.8	.47	.29
.8	.47	.23
.8	.47	.19
.8	.47	.17
.8	.47	.39
.8	.47	.33
.8	.47	.29
.8	.47	.27
.8	.47	.41
.8	.47	.37
.8	.47	.35
.8	.47	.43
.8	.47	.41
.8	.47	.45
.6	.42	.3
.6	.42	.1
.6	.42	-.02
.6	.42	-.12
.6	.42	-.2
.6	.42	-.26
.6	.42	-.3
.6	.42	-.32
.6	.42	.22
.6	.42	.1
.6	.42	0
.6	.42	-.08
.6	.42	-.14
.6	.42	-.18
.6	.42	-.2
.6	.42	.3
.6	.42	.2
.6	.42	.12
.6	.42	.06
.6	.42	.02
.6	.42	0
.6	.42	.32
.6	.42	.24
.6	.42	.18
.6	.42	.14
.6	.42	.12
.6	.42	.34
.6	.42	.28
.6	.42	.24
.6	.42	.22
.6	.42	.36
.6	.42	.32
.6	.42	.3
.6	.42	.38
.6	.42	.36
.6	.42	.4
.4	.35	.27
.4	.35	.13
.4	.35	.01
.4	.35	-.09
.4	.35	-.17
.4	.35	-.23
.4	.35	-.27
.4	.35	-.29
.4	.35	.21
.4	.35	.09
.4	.35	-.01
.4	.35	-.09
.4	.35	-.15
.4	.35	-.19
.4	.35	-.21
.4	.35	.23
.4	.35	.13
.4	.35	.05
.4	.35	-.01
.4	.35	-.05
.4	.35	-.07
.4	.35	.25
.4	.35	.17
.4	.35	.11
.4	.35	.07
.4	.35	.05
.4	.35	.27
.4	.35	.21
.4	.35	.17
.4	.35	.15
.4	.35	.29
.4	.35	.25
.4	.35	.23
.4	.35	.31
.4	.35	.29
.4	.35	.33
.2	.26	.22
.2	.26	.14
.2	.26	.06
.2	.26	-.04
.2	.26	-.12
.2	.26	-.18
.2	.26	-.22
.2	.26	-.24
.2	.26	.18
.2	.26	.1
.2	.26	0
.2	.26	-.08
.2	.26	-.14
.2	.26	-.18
.2	.26	-.2
.2	.26	.18
.2	.26	.08
.2	.26	0
.2	.26	-.06
.2	.26	-.1
.2	.26	-.12
.2	.26	.16
.2	.26	.08
.2	.26	.02
.2	.26	-.02
.2	.26	-.04
.2	.26	.18
.2	.26	.12
.2	.26	.08
.2	.26	.06
.2	.26	.2
.2	.26	.16
.2	.26	.14
.2	.26	.22
.2	.26	.2
.2	.26	.24
0	.15	.15
0	.15	.13
0	.15	.09
0	.15	.03
0	.15	-.05
0	.15	-.11
0	.15	-.15
0	.15	-.17
0	.15	.13
0	.15	.09
0	.15	.03
0	.15	-.05
0	.15	-.11
0	.15	-.15
0	.15	-.17
0	.15	.11
0	.15	.05
0	.15	-.03
0	.15	-.09
0	.15	-.13
0	.15	-.15
0	.15	.09
0	.15	.01
0	.15	-.05
0	.15	-.09
0	.15	-.11
0	.15	.07
0	.15	.01
0	.15	-.03
0	.15	-.05
0	.15	.09
0	.15	.05
0	.15	.03
0	.15	.11
0	.15	.09
0	.15	.13
-.2	.02	.06
-.2	.02	.1
-.2	.02	.1
-.2	.02	.08
-.2	.02	.04
-.2	.02	-.02
-.2	.02	-.06
-.2	.02	-.08
-.2	.02	.06
-.2	.02	.06
-.2	.02	.04
-.2	.02	0
-.2	.02	-.06
-.2	.02	-.1
-.2	.02	-.12
-.2	.02	.02
-.2	.02	0
-.2	.02	-.04
-.2	.02	-.1
-.2	.02	-.14
-.2	.02	-.16
-.2	.02	0
-.2	.02	-.04
-.2	.02	-.1
-.2	.02	-.14
-.2	.02	-.16
-.2	.02	-.02
-.2	.02	-.08
-.2	.02	-.12
-.2	.02	-.14
-.2	.02	-.04
-.2	.02	-.08
-.2	.02	-.1
-.2	.02	-.02
-.2	.02	-.04
-.2	.02	0
-.4	-.13	-.05
-.4	-.13	.05
-.4	-.13	.09
-.4	-.13	.11
-.4	-.13	.11
-.4	-.13	.09
-.4	-.13	.05
-.4	-.13	.03
-.4	-.13	-.03
-.4	-.13	.01
-.4	-.13	.03
-.4	-.13	.03
-.4	-.13	.01
-.4	-.13	-.03
-.4	-.13	-.05
-.4	-.13	-.09
-.4	-.13	-.07
-.4	-.13	-.07
-.4	-.13	-.09
-.4	-.13	-.13
-.4	-.13	-.15
-.4	-.13	-.11
-.4	-.13	-.11
-.4	-.13	-.13
-.4	-.13	-.17
-.4	-.13	-.19
-.4	-.13	-.13
-.4	-.13	-.15
-.4	-.13	-.19
-.4	-.13	-.21
-.4	-.13	-.15
-.4	-.13	-.19
-.4	-.13	-.21
-.4	-.13	-.17
-.4	-.13	-.19
-.4	-.13	-.15
-.6	-.3	-.18
-.6	-.3	-.02
-.6	-.3	.06
-.6	-.3	.12
-.6	-.3	.16
-.6	-.3	.18
-.6	-.3	.18
-.6	-.3	.16
-.6	-.3	-.14
-.6	-.3	-.06
-.6	-.3	0
-.6	-.3	.04
-.6	-.3	.06
-.6	-.3	.06
-.6	-.3	.04
-.6	-.3	-.22
-.6	-.3	-.16
-.6	-.3	-.12
-.6	-.3	-.1
-.6	-.3	-.1
-.6	-.3	-.12
-.6	-.3	-.24
-.6	-.3	-.2
-.6	-.3	-.18
-.6	-.3	-.18
-.6	-.3	-.2
-.6	-.3	-.26
-.6	-.3	-.24
-.6	-.3	-.24
-.6	-.3	-.26
-.6	-.3	-.28
-.6	-.3	-.28
-.6	-.3	-.3
-.6	-.3	-.3
-.6	-.3	-.32
-.6	-.3	-.32
.8	.45	.33
.8	.45	.11
.8	.45	-.01
.8	.45	-.11
.8	.45	-.19
.8	.45	-.25
.8	.45	-.29
.8	.45	-.31
.8	.45	.23
.8	.45	.11
.8	.45	.01
.8	.45	-.07
.8	.45	-.13
.8	.45	-.17
.8	.45	-.19
.8	.45	.33
.8	.45	.23
.8	.45	.15
.8	.45	.09
.8	.45	.05
.8	.45	.03
.8	.45	.35
.8	.45	.27
.8	.45	.21
.8	.45	.17
.8	.45	.15
.8	.45	.37
.8	.45	.31
.8	.45	.27
.8	.45	.25
.8	.45	.39
.8	.45	.35
.8	.45	.33
.8	.45	.41
.8	.45	.39
.8	.45	.43
.6	.38	.3
.6	.38	.14
.6	.38	.02
.6	.38	-.08
.6	.38	-.16
.6	.38	-.22
.6	.38	-.26
.6	.38	-.28
.6	.38	.22
.6	.38	.1
.6	.38	0
.6	.38	-.08
.6	.38	-.14
.6	.38	-.18
.6	.38	-.2
.6	.38	.26
.6	.38	.16
.6	.38	.08
.6	.38	.02
.6	.38	-.02
.6	.38	-.04
.6	.38	.28
.6	.38	.2
.6	.38	.14
.6	.38	.1
.6	.38	.08
.6	.38	.3
.6	.38	.24
.6	.38	.2
.6	.38	.18
.6	.38	.32
.6	.38	.28
.6	.38	.26
.6	.38	.34
.6	.38	.32
.6	.38	.36
.4	.29	.25
.4	.29	.15
.4	.29	.07
.4	.29	-.03
.4	.29	-.11
.4	.29	-.17
.4	.29	-.21
.4	.29	-.23
.4	.29	.19
.4	.29	.11
.4	.29	.01
.4	.29	-.07
.4	.29	-.13
.4	.29	-.17
.4	.29	-.19
.4	.29	.21
.4	.29	.11
.4	.29	.03
.4	.29	-.03
.4	.29	-.07
.4	.29	-.09
.4	.29	.19
.4	.29	.11
.4	.29	.05
.4	.29	.01
.4	.29	-.01
.4	.29	.21
.4	.29	.15
.4	.29	.11
.4	.29	.09
.4	.29	.23
.4	.29	.19
.4	.29	.17
.4	.29	.25
.4	.29	.23
.4	.29	.27
.2	.18	.18
.2	.18	.14
.2	.18	.1
.2	.18	.04
.2	.18	-.04
.2	.18	-.1
.2	.18	-.14
.2	.18	-.16
.2	.18	.14
.2	.18	.1
.2	.18	.04
.2	.18	-.04
.2	.18	-.1
.2	.18	-.14
.2	.18	-.16
.2	.18	.14
.2	.18	.08
.2	.18	0
.2	.18	-.06
.2	.18	-.1
.2	.18	-.12
.2	.18	.12
.2	.18	.04
.2	.18	-.02
.2	.18	-.06
.2	.18	-.08
.2	.18	.1
.2	.18	.04
.2	.18	0
.2	.18	-.02
.2	.18	.12
.2	.18	.08
.2	.18	.06
.2	.18	.14
.2	.18	.12
.2	.18	.16
0	.05	.09
0	.05	.11
0	.05	.11
0	.05	.09
0	.05	.05
0	.05	-.01
0	.05	-.05
0	.05	-.07
0	.05	.07
0	.05	.07
0	.05	.05
0	.05	.01
0	.05	-.05
0	.05	-.09
0	.05	-.11
0	.05	.05
0	.05	.03
0	.05	-.01
0	.05	-.07
0	.05	-.11
0	.05	-.13
0	.05	.03
0	.05	-.01
0	.05	-.07
0	.05	-.11
0	.05	-.13
0	.05	.01
0	.05	-.05
0	.05	-.09
0	.05	-.11
0	.05	-.01
0	.05	-.05
0	.05	-.07
0	.05	.01
0	.05	-.01
0	.05	.03
-.2	-.1	-.02
-.2	-.1	.06
-.2	-.1	.1
-.2	-.1	.12
-.2	-.1	.12
-.2	-.1	.1
-.2	-.1	.06
-.2	-.1	.04
-.2	-.1	-.02
-.2	-.1	.02
-.2	-.1	.04
-.2	-.1	.04
-.2	-.1	.02
-.2	-.1	-.02
-.2	-.1	-.04
-.2	-.1	-.06
-.2	-.1	-.04
-.2	-.1	-.04
-.2	-.1	-.06
-.2	-.1	-.1
-.2	-.1	-.12
-.2	-.1	-.08
-.2	-.1	-.08
-.2	-.1	-.1
-.2	-.1	-.14
-.2	-.1	-.16
-.2	-.1	-.1
-.2	-.1	-.12
-.2	-.1	-.16
-.2	-.1	-.18
-.2	-.1	-.12
-.2	-.1	-.16
-.2	-.1	-.18
-.2	-.1	-.14
-.2	-.1	-.16
-.2	-.1	-.12
-.4	-.27	-.15
-.4	-.27	-.01
-.4	-.27	.07
-.4	-.27	.13
-.4	-.27	.17
-.4	-.27	.19
-.4	-.27	.19
-.4	-.27	.17
-.4	-.27	-.13
-.4	-.27	-.05
-.4	-.27	.01
-.4	-.27	.05
-.4	-.27	.07
-.4	-.27	.07
-.4	-.27	.05
-.4	-.27	-.19
-.4	-.27	-.13
-.4	-.27	-.09
-.4	-.27	-.07
-.4	-.27	-.07
-.4	-.27	-.09
-.4	-.27	-.21
-.4	-.27	-.17
-.4	-.27	-.15
-.4	-.27	-.15
-.4	-.27	-.17
-.4	-.27	-.23
-.4	-.27	-.21
-.4	-.27	-.21
-.4	-.27	-.23
-.4	-.27	-.25
-.4	-.27	-.25
-.4	-.27	-.27
-.4	-.27	-.27
-.4	-.27	-.29
-.4	-.27	-.29
.8	.43	.31
.8	.43	.13
.8	.43	.01
.8	.43	-.09
.8	.43	-.17
.8	.43	-.23
.8	.43	-.27
.8	.43	-.29
.8	.43	.25
.8	.43	.13
.8	.43	.03
.8	.43	-.05
.8	.43	-.11
.8	.43	-.15
.8	.43	-.17
.8	.43	.31
.8	.43	.21
.8	.43	.13
.8	.43	.07
.8	.43	.03
.8	.43	.01
.8	.43	.33
.8	.43	.25
.8	.43	.19
.8	.43	.15
.8	.43	.13
.8	.43	.35
.8	.43	.29
.8	.43	.25
.8	.43	.23
.8	.43	.37
.8	.43	.33
.8	.43	.31
.8	.43	.39
.8	.43	.37
.8	.43	.41
.6	.34	.26
.6	.34	.14
.6	.34	.06
.6	.34	-.04
.6	.34	-.12
.6	.34	-.18
.6	.34	-.22
.6	.34	-.24
.6	.34	.22
.6	.34	.14
.6	.34	.04
.6	.34	-.04
.6	.34	-.1
.6	.34	-.14
.6	.34	-.16
.6	.34	.26
.6	.34	.16
.6	.34	.08
.6	.34	.02
.6	.34	-.02
.6	.34	-.04
.6	.34	.24
.6	.34	.16
.6	.34	.1
.6	.34	.06
.6	.34	.04
.6	.34	.26
.6	.34	.2
.6	.34	.16
.6	.34	.14
.6	.34	.28
.6	.34	.24
.6	.34	.22
.6	.34	.3
.6	.34	.28
.6	.34	.32
.4	.23	.19
.4	.23	.13
.4	.23	.09
.4	.23	.03
.4	.23	-.05
.4	.23	-.11
.4	.23	-.15
.4	.23	-.17
.4	.23	.17
.4	.23	.13
.4	.23	.07
.4	.23	-.01
.4	.23	-.07
.4	.23	-.11
.4	.23	-.13
.4	.23	.19
.4	.23	.13
.4	.23	.05
.4	.23	-.01
.4	.23	-.05
.4	.23	-.07
.4	.23	.17
.4	.23	.09
.4	.23	.03
.4	.23	-.01
.4	.23	-.03
.4	.23	.15
.4	.23	.09
.4	.23	.05
.4	.23	.03
.4	.23	.17
.4	.23	.13
.4	.23	.11
.4	.23	.19
.4	.23	.17
.4	.23	.21
.2	.1	.1
.2	.1	.1
.2	.1	.1
.2	.1	.08
.2	.1	.04
.2	.1	-.02
.2	.1	-.06
.2	.1	-.08
.2	.1	.1
.2	.1	.1
.2	.1	.08
.2	.1	.04
.2	.1	-.02
.2	.1	-.06
.2	.1	-.08
.2	.1	.1
.2	.1	.08
.2	.1	.04
.2	.1	-.02
.2	.1	-.06
.2	.1	-.08
.2	.1	.08
.2	.1	.04
.2	.1	-.02
.2	.1	-.06
.2	.1	-.08
.2	.1	.06
.2	.1	0
.2	.1	-.04
.2	.1	-.06
.2	.1	.04
.2	.1	0
.2	.1	-.02
.2	.1	.06
.2	.1	.04
.2	.1	.08
0	-.05	-.01
0	-.05	.05
0	-.05	.09
0	-.05	.11
0	-.05	.11
0	-.05	.09
0	-.05	.05
0	-.05	.03
0	-.05	.01
0	-.05	.05
0	-.05	.07
0	-.05	.07
0	-.05	.05
0	-.05	.01
0	-.05	-.01
0	-.05	-.01
0	-.05	.01
0	-.05	.01
0	-.05	-.01
0	-.05	-.05
0	-.05	-.07
0	-.05	-.03
0	-.05	-.03
0	-.05	-.05
0	-.05	-.09
0	-.05	-.11
0	-.05	-.05
0	-.05	-.07
0	-.05	-.11
0	-.05	-.13
0	-.05	-.07
0	-.05	-.11
0	-.05	-.13
0	-.05	-.09
0	-.05	-.11
0	-.05	-.07
-.2	-.22	-.14
-.2	-.22	-.02
-.2	-.22	.06
-.2	-.22	.12
-.2	-.22	.16
-.2	-.22	.18
-.2	-.22	.18
-.2	-.22	.16
-.2	-.22	-.1
-.2	-.22	-.02
-.2	-.22	.04
-.2	-.22	.08
-.2	-.22	.1
-.2	-.22	.1
-.2	-.22	.08
-.2	-.22	-.14
-.2	-.22	-.08
-.2	-.22	-.04
-.2	-.22	-.02
-.2	-.22	-.02
-.2	-.22	-.04
-.2	-.22	-.16
-.2	-.22	-.12
-.2	-.22	-.1
-.2	-.22	-.1
-.2	-.22	-.12
-.2	-.22	-.18
-.2	-.22	-.16
-.2	-.22	-.16
-.2	-.22	-.18
-.2	-.22	-.2
-.2	-.22	-.2
-.2	-.22	-.22
-.2	-.22	-.22
-.2	-.22	-.24
-.2	-.22	-.24
.8	.41	.29
.8	.41	.11
.8	.41	.03
.8	.41	-.07
.8	.41	-.15
.8	.41	-.21
.8	.41	-.25
.8	.41	-.27
.8	.41	.23
.8	.41	.15
.8	.41	.05
.8	.41	-.03
.8	.41	-.09
.8	.41	-.13
.8	.41	-.15
.8	.41	.33
.8	.41	.23
.8	.41	.15
.8	.41	.09
.8	.41	.05
.8	.41	.03
.8	.41	.31
.8	.41	.23
.8	.41	.17
.8	.41	.13
.8	.41	.11
.8	.41	.33
.8	.41	.27
.8	.41	.23
.8	.41	.21
.8	.41	.35
.8	.41	.31
.8	.41	.29
.8	.41	.37
.8	.41	.35
.8	.41	.39
.6	.3	.22
.6	.3	.1
.6	.3	.06
.6	.3	0
.6	.3	-.08
.6	.3	-.14
.6	.3	-.18
.6	.3	-.2
.6	.3	.18
.6	.3	.14
.6	.3	.08
.6	.3	0
.6	.3	-.06
.6	.3	-.1
.6	.3	-.12
.6	.3	.26
.6	.3	.2
.6	.3	.12
.6	.3	.06
.6	.3	.02
.6	.3	0
.6	.3	.24
.6	.3	.16
.6	.3	.1
.6	.3	.06
.6	.3	.04
.6	.3	.22
.6	.3	.16
.6	.3	.12
.6	.3	.1
.6	.3	.24
.6	.3	.2
.6	.3	.18
.6	.3	.26
.6	.3	.24
.6	.3	.28
.4	.17	.13
.4	.17	.07
.4	.17	.07
.4	.17	.05
.4	.17	.01
.4	.17	-.05
.4	.17	-.09
.4	.17	-.11
.4	.17	.11
.4	.17	.11
.4	.17	.09
.4	.17	.05
.4	.17	-.01
.4	.17	-.05
.4	.17	-.07
.4	.17	.17
.4	.17	.15
.4	.17	.11
.4	.17	.05
.4	.17	.01
.4	.17	-.01
.4	.17	.15
.4	.17	.11
.4	.17	.05
.4	.17	.01
.4	.17	-.01
.4	.17	.13
.4	.17	.07
.4	.17	.03
.4	.17	.01
.4	.17	.11
.4	.17	.07
.4	.17	.05
.4	.17	.13
.4	.17	.11
.4	.17	.15
.2	.02	.02
.2	.02	.02
.2	.02	.06
.2	.02	.08
.2	.02	.08
.2	.02	.06
.2	.02	.02
.2	.02	0
.2	.02	.02
.2	.02	.06
.2	.02	.08
.2	.02	.08
.2	.02	.06
.2	.02	.02
.2	.02	0
.2	.02	.06
.2	.02	.08
.2	.02	.08
.2	.02	.06
.2	.02	.02
.2	.02	0
.2	.02	.04
.2	.02	.04
.2	.02	.02
.2	.02	-.02
.2	.02	-.04
.2	.02	.02
.2	.02	0
.2	.02	-.04
.2	.02	-.06
.2	.02	0
.2	.02	-.04
.2	.02	-.06
.2	.02	-.02
.2	.02	-.04
.2	.02	0
0	-.15	-.11
0	-.15	-.05
0	-.15	.03
0	-.15	.09
0	-.15	.13
0	-.15	.15
0	-.15	.15
0	-.15	.13
0	-.15	-.09
0	-.15	-.01
0	-.15	.05
0	-.15	.09
0	-.15	.11
0	-.15	.11
0	-.15	.09
0	-.15	-.07
0	-.15	-.01
0	-.15	.03
0	-.15	.05
0	-.15	.05
0	-.15	.03
0	-.15	-.09
0	-.15	-.05
0	-.15	-.03
0	-.15	-.03
0	-.15	-.05
0	-.15	-.11
0	-.15	-.09
0	-.15	-.09
0	-.15	-.11
0	-.15	-.13
0	-.15	-.13
0	-.15	-.15
0	-.15	-.15
0	-.15	-.17
0	-.15	-.17
.8	.39	.27
.8	.39	.09
.8	.39	.01
.8	.39	-.05
.8	.39	-.13
.8	.39	-.19
.8	.39	-.23
.8	.39	-.25
.8	.39	.21
.8	.39	.13
.8	.39	.07
.8	.39	-.01
.8	.39	-.07
.8	.39	-.11
.8	.39	-.13
.8	.39	.31
.8	.39	.25
.8	.39	.17
.8	.39	.11
.8	.39	.07
.8	.39	.05
.8	.39	.33
.8	.39	.25
.8	.39	.19
.8	.39	.15
.8	.39	.13
.8	.39	.31
.8	.39	.25
.8	.39	.21
.8	.39	.19
.8	.39	.33
.8	.39	.29
.8	.39	.27
.8	.39	.35
.8	.39	.33
.8	.39	.37
.6	.26	.18
.6	.26	.06
.6	.26	.02
.6	.26	0
.6	.26	-.04
.6	.26	-.1
.6	.26	-.14
.6	.26	-.16
.6	.26	.14
.6	.26	.1
.6	.26	.08
.6	.26	.04
.6	.26	-.02
.6	.26	-.06
.6	.26	-.08
.6	.26	.22
.6	.26	.2
.6	.26	.16
.6	.26	.1
.6	.26	.06
.6	.26	.04
.6	.26	.24
.6	.26	.2
.6	.26	.14
.6	.26	.1
.6	.26	.08
.6	.26	.22
.6	.26	.16
.6	.26	.12
.6	.26	.1
.6	.26	.2
.6	.26	.16
.6	.26	.14
.6	.26	.22
.6	.26	.2
.6	.26	.24
.4	.11	.07
.4	.11	.01
.4	.11	.01
.4	.11	.03
.4	.11	.03
.4	.11	.01
.4	.11	-.03
.4	.11	-.05
.4	.11	.05
.4	.11	.05
.4	.11	.07
.4	.11	.07
.4	.11	.05
.4	.11	.01
.4	.11	-.01
.4	.11	.11
.4	.11	.13
.4	.11	.13
.4	.11	.11
.4	.11	.07
.4	.11	.05
.4	.11	.13
.4	.11	.13
.4	.11	.11
.4	.11	.07
.4	.11	.05
.4	.11	.11
.4	.11	.09
.4	.11	.05
.4	.11	.03
.4	.11	.09
.4	.11	.05
.4	.11	.03
.4	.11	.07
.4	.11	.05
.4	.11	.09
.2	-.06	-.06
.2	-.06	-.06
.2	-.06	-.02
.2	-.06	.04
.2	-.06	.08
.2	-.06	.1
.2	-.06	.1
.2	-.06	.08
.2	-.06	-.06
.2	-.06	-.02
.2	-.06	.04
.2	-.06	.08
.2	-.06	.1
.2	-.06	.1
.2	-.06	.08
.2	-.06	-.02
.2	-.06	.04
.2	-.06	.08
.2	-.06	.1
.2	-.06	.1
.2	-.06	.08
.2	-.06	0
.2	-.06	.04
.2	-.06	.06
.2	-.06	.06
.2	-.06	.04
.2	-.06	-.02
.2	-.06	0
.2	-.06	0
.2	-.06	-.02
.2	-.06	-.04
.2	-.06	-.04
.2	-.06	-.06
.2	-.06	-.06
.2	-.06	-.08
.2	-.06	-.08
.8	.37	.25
.8	.37	.07
.8	.37	-.01
.8	.37	-.07
.8	.37	-.11
.8	.37	-.17
.8	.37	-.21
.8	.37	-.23
.8	.37	.19
.8	.37	.11
.8	.37	.05
.8	.37	.01
.8	.37	-.05
.8	.37	-.09
.8	.37	-.11
.8	.37	.29
.8	.37	.23
.8	.37	.19
.8	.37	.13
.8	.37	.09
.8	.37	.07
.8	.37	.31
.8	.37	.27
.8	.37	.21
.8	.37	.17
.8	.37	.15
.8	.37	.33
.8	.37	.27
.8	.37	.23
.8	.37	.21
.8	.37	.31
.8	.37	.27
.8	.37	.25
.8	.37	.33
.8	.37	.31
.8	.37	.35
.6	.22	.14
.6	.22	.02
.6	.22	-.02
.6	.22	-.04
.6	.22	-.04
.6	.22	-.06
.6	.22	-.1
.6	.22	-.12
.6	.22	.1
.6	.22	.06
.6	.22	.04
.6	.22	.04
.6	.22	.02
.6	.22	-.02
.6	.22	-.04
.6	.22	.18
.6	.22	.16
.6	.22	.16
.6	.22	.14
.6	.22	.1
.6	.22	.08
.6	.22	.2
.6	.22	.2
.6	.22	.18
.6	.22	.14
.6	.22	.12
.6	.22	.22
.6	.22	.2
.6	.22	.16
.6	.22	.14
.6	.22	.2
.6	.22	.16
.6	.22	.14
.6	.22	.18
.6	.22	.16
.6	.22	.2
.4	.05	.01
.4	.05	-.05
.4	.05	-.05
.4	.05	-.03
.4	.05	.01
.4	.05	.03
.4	.05	.03
.4	.05	.01
.4	.05	-.01
.4	.05	-.01
.4	.05	.01
.4	.05	.05
.4	.05	.07
.4	.05	.07
.4	.05	.05
.4	.05	.05
.4	.05	.07
.4	.05	.11
.4	.05	.13
.4	.05	.13
.4	.05	.11
.4	.05	.07
.4	.05	.11
.4	.05	.13
.4	.05	.13
.4	.05	.11
.4	.05	.09
.4	.05	.11
.4	.05	.11
.4	.05	.09
.4	.05	.07
.4	.05	.07
.4	.05	.05
.4	.05	.05
.4	.05	.03
.4	.05	.03
.8	.35	.23
.8	.35	.05
.8	.35	-.03
.8	.35	-.09
.8	.35	-.13
.8	.35	-.15
.8	.35	-.19
.8	.35	-.21
.8	.35	.17
.8	.35	.09
.8	.35	.03
.8	.35	-.01
.8	.35	-.03
.8	.35	-.07
.8	.35	-.09
.8	.35	.27
.8	.35	.21
.8	.35	.17
.8	.35	.15
.8	.35	.11
.8	.35	.09
.8	.35	.29
.8	.35	.25
.8	.35	.23
.8	.35	.19
.8	.35	.17
.8	.35	.31
.8	.35	.29
.8	.35	.25
.8	.35	.23
.8	.35	.33
.8	.35	.29
.8	.35	.27
.8	.35	.31
.8	.35	.29
.8	.35	.33
.6	.18	.1
.6	.18	-.02
.6	.18	-.06
.6	.18	-.08
.6	.18	-.08
.6	.18	-.06
.6	.18	-.06
.6	.18	-.08
.6	.18	.06
.6	.18	.02
.6	.18	0
.6	.18	0
.6	.18	.02
.6	.18	.02
.6	.18	0
.6	.18	.14
.6	.18	.12
.6	.18	.12
.6	.18	.14
.6	.18	.14
.6	.18	.12
.6	.18	.16
.6	.18	.16
.6	.18	.18
.6	.18	.18
.6	.18	.16
.6	.18	.18
.6	.18	.2
.6	.18	.2
.6	.18	.18
.6	.18	.2
.6	.18	.2
.6	.18	.18
.6	.18	.18
.6	.18	.16
.6	.18	.16
.8	.33	.21
.8	.33	.03
.8	.33	-.05
.8	.33	-.11
.8	.33	-.15
.8	.33	-.17
.8	.33	-.17
.8	.33	-.19
.8	.33	.15
.8	.33	.07
.8	.33	.01
.8	.33	-.03
.8	.33	-.05
.8	.33	-.05
.8	.33	-.07
.8	.33	.25
.8	.33	.19
.8	.33	.15
.8	.33	.13
.8	.33	.13
.8	.33	.11
.8	.33	.27
.8	.33	.23
.8	.33	.21
.8	.33	.21
.8	.33	.19
.8	.33	.29
.8	.33	.27
.8	.33	.27
.8	.33	.25
.8	.33	.31
.8	.33	.31
.8	.33	.29
.8	.33	.33
.8	.33	.31
.8	.33	.31
